0,32.55764119,14.56021978,32.20248438,32.20248438,24.8394847,21.02379604,31.57530681,17.80449381,15.55634919,26.40075756,16.64331698,26.40075756,46.87216658,45.35416188,42.44997055,40.70626487,22.84731932,28.23118843,16.4924225,29.27456234,39.20459157,46.17358552,27.78488798,37.64306045,19.41648784,10.81665383,12,24.04163056,11.04536102,10.44030651,20.88061302,12.36931688,24.73863375,27.20294102,40.52159918,35.80502758,56.85068161,41.59326869,24.0208243,42.01190308,40.71854614,49.39635614,46.09772229,36.68787266,39.01281841,33.73425559,28.16025568,39.8246155,6.32455532,12.04159458,15.23154621,18.43908891,25.61249695,34.05877273,38.89730068,38.07886553,23.53720459,32.01562119,28.3019434,38.28837944,19.23538406,24.41311123,38.20994635,35,25.29822128,51.10772936,18.02775638,4.472135955,8.062257748,24.8394847,33.54101966,32.14031736,36.34556369,38.83297568,10.63014581,13.41640786,20.22374842,16.03121954,19.20937271,14.86606875,26.07680962,29.54657341,34.98571137,36.79673899,48.27007354,33.61547263,15.29705854,20.51828453,20.59126028,39.69886648,33.01514804,33.9705755,26.62705391,29.68164416,29.06888371,32.24903099,35.60898763,31.144823,38.60051813,15.23154621,101
32.55764119,0,34.40930107,20.22374842,23.85372088,16.40121947,36.24913792,36.06937759,47.42362281,43.28972164,50.28916384,23.43074903,9.433981132,21.1896201,13,25.17935662,32.69556545,27.45906044,47.42362281,49.03060269,10.44030651,12.20655562,23.32380758,34.98571137,30.14962686,16.40121947,23,20.88061302,38.28837944,43.28972164,35.22782991,52,39.35733731,48.41487375,55.56977596,54.20332093,15.29705854,32.31098884,25.49509757,9.433981132,12.20655562,12.08304597,18.43908891,24.18677324,35.80502758,45.27692569,47.4341649,41.34005322,58.66856058,32.31098884,43.32435804,27.20294102,14.14213562,25.05992817,28.63564213,18.68154169,5.830951895,9.055385138,15.65247584,24.75883681,24.04163056,42.44997055,52.61178575,63.2455532,65.7951366,57.72347876,34.17601498,30.41381265,30.06659276,39.05124838,55.54277631,12.04159458,9,11.70469991,15.23154621,28.65309756,31.6227766,43.60045871,38.01315562,29,42.05948169,36.05551275,29,27.78488798,19.6468827,31.01612484,7.071067812,36.138622,20.1246118,50.15974482,20.09975124,13.92838828,18.38477631,13.45362405,12.20655562,16.40121947,10.77032961,16.4924225,17.49285568,17.02938637,18,
14.56021978,34.40930107,0,25,42.72001873,33.54101966,35.35533906,45.04442252,15,29.15475947,40.31128874,11.18033989,32.01562119,53.15072906,47.16990566,51.4781507,52.20153254,35.35533906,42.72001873,22.36067977,26.92582404,36.40054945,40,14.14213562,26.92582404,18.02775638,20.61552813,16.1245155,9.486832981,21.21320344,25,31.2409987,7.280109889,14.14213562,21.54065923,55.08175742,43.01162634,64.03124237,33.37663854,25,40.16217126,45.27692569,52.80151513,53.82378656,49.49747468,53.08483776,48.27007354,42.57933771,54.12947441,8.246211251,14.31782106,28.0713377,22.8035085,16.1245155,23.40939982,33.06055051,40.22437072,26.87005769,39.96248241,39.56008089,47.85394446,33.61547263,36.87817783,51.2249939,32.75667871,28.63564213,41.76122604,6.08276253,18.11077028,21.09502311,23.08679276,30.08321791,30.08321791,33.24154028,34.525353,6.708203932,2.828427125,9.219544457,3.605551275,8.062257748,9,40.04996879,41.77319715,46.17358552,45.27692569,57.70615219,38.18376618,29.83286778,30.6757233,32.55764119,47.70744177,40.22437072,42.54409477,34.13209633,36.61966685,37.58989226,38.41874542,43.26661531,39.8246155,45.80392996,22.36067977,
32.20248438,20.22374842,25,0,41.23105626,31.6227766,46.09772229,50.53711507,40,47.16990566,57.00877125,15.8113883,25.49509757,41.23105626,29.15475947,45,50.99019514,40.31128874,56.56854249,46.09772229,10,14.14213562,15,18.02775638,10,14.14213562,28.28427125,22.02271555,23.76972865,42.72001873,40,52.92447449,32.06243908,36.40054945,45.70557953,66.4003012,35,52.20153254,9.433981132,15.8113883,18.38477631,32.01562119,36.23534186,44.40720662,52.20153254,59.94163828,59.20304046,52.80151513,68.59300256,28.16025568,38.47076812,36.23534186,21.09502311,9.219544457,8.544003745,8.246211251,24.35159132,19.92485885,34.23448554,40.49691346,43.18564576,49.04079934,56.43580424,69.63476143,57.42821606,53.33854141,19.20937271,19.02629759,32.44996148,40.24922359,48.0416486,8.94427191,11.40175425,11.40175425,10.81665383,22.8035085,23.08679276,32.55764119,28.0713377,17.02938637,34,48.25971405,44.38468204,45.35416188,39.05124838,51.03920062,27.07397274,43.18564576,32.64965543,52.77309921,40.01249805,33.06055051,37.21558813,29.83286778,30.2654919,33.73425559,30.01666204,36.01388621,35.51056181,37.05401463,25,
32.20248438,23.85372088,42.72001873,41.23105626,0,10,20.61552813,13.92838828,50,33.54101966,35.35533906,35.35533906,15.8113883,20,29.15475947,11.18033989,10,11.18033989,30,46.09772229,31.6227766,36.05551275,47.16990566,50.24937811,50.99019514,30,22.36067977,26.92582404,50.44799302,39.05124838,27.20294102,43.829214,43.9089968,55.90169944,59.40538696,32.69556545,11.18033989,26.92582404,48.46648326,25.49509757,35.4682957,20.1246118,28.16025568,16.4924225,12.04159458,22.20360331,26.92582404,22.09072203,39.05124838,36.23534186,44.04543109,17.69180601,22.02271555,42.01190308,48.50773134,42.04759208,24.75883681,21.37755833,8.485281374,4.472135955,6.708203932,29.41088234,40.80441153,47,66.46803743,54.81788029,57.69748695,41.97618372,27.80287755,34.05877273,56.63920903,34.92849839,31.78049716,35.35533906,38.94868419,36.05551275,40.16217126,50.99019514,45.69463864,41.59326869,46.64761516,17,7.071067812,4.123105626,8.062257748,16.2788206,17.69180601,24.59674775,12.08304597,40.31128874,11,10.63014581,6.708203932,11.40175425,11.66190379,7.615773106,13.45362405,9.848857802,6.403124237,12.36931688,20.61552813,
24.8394847,16.40121947,33.54101966,31.6227766,10,0,20.61552813,19.84943324,42.42640687,30.41381265,35.35533906,25.49509757,7.071067812,22.36067977,25.49509757,18.02775638,20,11.18033989,31.6227766,40.31128874,22.36067977,28.28427125,39.05124838,40.31128874,41.23105626,20,14.14213562,17.4642492,40.80441153,33.54101966,22.8035085,40.26164428,35.60898763,47.16990566,51.66236541,37.80211634,11.18033989,32.01562119,39.35733731,15.8113883,28.60069929,18.02775638,27.07397274,21.26029163,20.61552813,29.20616373,31.06444913,25.05992817,42.48529157,27.80287755,36.87817783,13.15294644,12.04159458,32.01562119,38.63935817,33.28663395,19.31320792,11.70469991,7.211102551,8.94427191,14.31782106,28.01785145,39.05124838,48.05205511,59.81638571,49.24428901,48.87739764,32.28002478,20.80865205,28.63564213,49.67896939,26.07680962,23.02172887,27.01851217,30.61045573,26.83281573,30.87069808,42.19004622,36.7151195,31.78049716,38.41874542,19.72308292,13.03840481,14.03566885,12.04159458,24.18677324,12.36931688,22.02271555,5.099019514,37.48332963,14.86606875,8.544003745,9.219544457,3.16227766,6,4.242640687,9,10.81665383,6.403124237,13.89244399,11.18033989,
21.02379604,36.24913792,35.35533906,46.09772229,20.61552813,20.61552813,0,12.20655562,36.40054945,14.14213562,15,33.54101966,26.92582404,40.31128874,46.09772229,31.6227766,25,10,11.18033989,29.15475947,39.05124838,47.16990566,57.00877125,47.4341649,54.08326913,32.01562119,18.02775638,24.69817807,44.72135955,22.36067977,11.18033989,24.20743687,33.06055051,45.27692569,45.54119015,20.59126028,30,47.4341649,55.1724569,32.01562119,48.3011387,38.20994635,47.09564736,37.10795063,18.43908891,18.11077028,13.41640786,7.280109889,22.8035085,27.16615541,30.08321791,9.899494937,25.49509757,42.54409477,50.7740091,50.32891813,39.84971769,28.8444102,26.01922366,16.2788206,27.20294102,8.94427191,20.24845673,27.45906044,49.92995093,37.01351105,65.06919394,37.64306045,17.2626765,18.02775638,41.14608122,43.41658669,40.80441153,45.22167622,48.60041152,30.08321791,33.73425559,41.0487515,37.05401463,38.27531842,35.22782991,5.830951895,14.31782106,21.02379604,28.28427125,35.77708764,32.984845,6.32455532,16.15549442,20.24845673,31.40063694,28.0713377,26.07680962,23.76972865,26.47640459,23.08679276,29.42787794,29.01723626,24,32.06243908,21.21320344,
31.57530681,36.06937759,45.04442252,50.53711507,13.92838828,19.84943324,12.20655562,0,48.10405388,26.2488095,24.16609195,40.79215611,26.90724809,33.37663854,42.94182111,23,13.92838828,10.44030651,17.72004515,41.34005322,41.88078318,48.10405388,58.89821729,55.57877293,59.61543424,37.33630941,25.17935662,31.57530681,54.00925847,34.4818793,22.84731932,36.06937759,43.93176527,56.29387178,57.38466694,18.78829423,25.07987241,38.32753579,58.83026432,34.98571137,48.16637832,34.0147027,42.05948169,29.01723626,6.403124237,9.433981132,13.15294644,9.486832981,25.3179778,37.21558813,41.78516483,17,29.54657341,49.04079934,56.64803615,53.00943312,38.01315562,31.06444913,21.9544984,11.40175425,19.10497317,20.51828453,31.06444913,34.36568055,62.12889827,49.2036584,68.50547423,46.17358552,27.29468813,29.96664813,53.23532662,45.80392996,42.80186912,46.86149806,50.44799302,39.01281841,43,51.7880295,47.26520919,46.38965402,46.32493929,6.403124237,7.211102551,12.04159458,21.84032967,25.70992026,30.8058436,18.35755975,17.88854382,31.89043744,24.51530134,24.18677324,20.61552813,22.627417,24.20743687,20,26.62705391,23.76972865,19.72308292,26.2488095,26.2488095,
17.80449381,47.42362281,15,40,50,42.42640687,36.40054945,48.10405388,0,25,35.35533906,25.49509757,43.01162634,64.03124237,60.41522987,60.20797289,58.30951895,40.31128874,40,11.18033989,41.23105626,50.99019514,55,26.92582404,41.23105626,31.6227766,28.28427125,26.92582404,20.1246118,15,25.29822128,21.9317122,8.246211251,11.18033989,9.433981132,53,53.15072906,74.33034374,48.25971405,38.07886553,54.5710546,57.14017851,65.36818798,63.65532185,53.71219601,54.34151268,47.16990566,42.75511665,49.64876635,15.26433752,6.32455532,32.75667871,34.13209633,31.06444913,37.85498646,48.0416486,53.22593353,38.94868419,49.51767361,46.04345773,56.08029957,31.06444913,29.41088234,43.46262762,18.38477631,14.31782106,56.29387178,21.02379604,22.20360331,18.43908891,8.246211251,44.72135955,44.38468204,47.85394446,49.36598019,18.97366596,17.11724277,10,12.16552506,23.02172887,6,42.05948169,47.01063709,52.69724851,54.45181356,66.06814664,49.92995093,30.08321791,38.28837944,25,57.28001397,50.32891813,51.623638,43.93176527,46.86149806,46.66904756,49.2036584,53.07541804,48.7954916,55.97320788,32.01562119,
15.55634919,43.28972164,29.15475947,47.16990566,33.54101966,30.41381265,14.14213562,26.2488095,25,0,11.18033989,32.01562119,35,52.20153254,55,44.72135955,39.05124838,22.36067977,15,15.8113883,42.72001873,52.20153254,60.41522987,43.01162634,53.15072906,33.54101966,20.61552813,25.49509757,38.47076812,10,8.062257748,10.29563014,24.35159132,35.35533906,33.37663854,28,41.23105626,60.41522987,56.60388679,36.40054945,54.34151268,48.37354649,57.42821606,49.76946855,32.55764119,30.46309242,22.36067977,18.78829423,25.29822128,21.40093456,19.10497317,17.2626765,29.83286778,41.10960958,49.57822102,53.22593353,48.0416486,34.525353,37.10795063,29.06888371,40.24922359,6.32455532,9.486832981,22.6715681,36.23534186,23.02172887,66.28725368,33.42154993,14.76482306,8.062257748,28.16025568,47.16990566,45.22167622,49.64876635,52.55473337,26.17250466,28.60069929,32.01562119,29.54657341,34.71310992,25.70992026,19.84943324,28.01785145,34.66987165,40.49691346,49.39635614,42.04759208,8.94427191,25.3179778,7.071067812,43.65775991,38.83297568,37.94733192,33.24154028,36.34556369,33.95585369,39.3192065,40.52159918,35.44009029,43.68065934,25.49509757,
26.40075756,50.28916384,40.31128874,57.00877125,35.35533906,35.35533906,15,24.16609195,35.35533906,11.18033989,0,42.42640687,41.23105626,55.22680509,60.8276253,46.09772229,38.07886553,25,7.071067812,25,51.4781507,60.41522987,69.46221995,54.08326913,63.63961031,43.01162634,29.15475947,35,49.64876635,20.61552813,17.02938637,15.5241747,35.4682957,46.09772229,43,18.68154169,45,61.84658438,66.4003012,44.72135955,62.03224968,53.15072906,62.07253821,51.7880295,30.41381265,24.75883681,15,14.76482306,14.31782106,32.44996148,29.83286778,23.08679276,38.01315562,51.623638,60.10823571,62.43396512,54.34151268,42.15447782,41.01219331,31.144823,41.77319715,8.062257748,8.062257748,13,43.68065934,30.08321791,76.21679605,44.40720662,24.75883681,19.23538406,37.12142239,55.94640292,53.66563146,58.13776741,61.29437168,37.01351105,39.66106403,43.01162634,40.71854614,45.607017,36.68787266,18.68154169,28.63564213,35.17101079,43.18564576,49.64876635,47.67598976,14.31782106,30.59411708,11.18033989,46.27094121,43.0464865,41.0487515,38.47076812,41.30375286,38.05259518,44.28317965,44.01136217,39,47.04253395,33.54101966,
16.64331698,23.43074903,11.18033989,15.8113883,35.35533906,25.49509757,33.54101966,40.79215611,25.49509757,32.01562119,42.42640687,0,22.36067977,43.01162634,36.05551275,42.72001873,45.27692569,30.41381265,43.01162634,30.41381265,15.8113883,25.49509757,30.41381265,15,21.21320344,7.071067812,15.8113883,9.219544457,15.65247584,26.92582404,25.49509757,37.16180835,17.2626765,25,32.69556545,54.12023651,33.54101966,54.08326913,25.07987241,14.14213562,29.12043956,34.71310992,41.86884283,44.29446918,44.10215414,49.72926704,46.95742753,40.71854614,55,12.36931688,23.02172887,24.35159132,13.60147051,9.219544457,17.69180601,23.19482701,29.20616373,16.64331698,31.01612484,33.01514804,39.56008089,34.71310992,41.0487515,54.67174773,43.68065934,38.01315562,34.4818793,7.211102551,17.69180601,24.69817807,33.73425559,19.23538406,18.97366596,22.36067977,24.0208243,7.071067812,8.544003745,20.24845673,14.76482306,6.32455532,19.6468827,37,36.05551275,39.20459157,36.40054945,49.04079934,27.80287755,29.41088234,24,37.21558813,38.48376281,30.87069808,33.83784863,25.29822128,27.31300057,29.12043956,28.65309756,34.0147027,31.32091953,36.23534186,15,
26.40075756,9.433981132,32.01562119,25.49509757,15.8113883,7.071067812,26.92582404,26.90724809,43.01162634,35,41.23105626,22.36067977,0,21.21320344,20,20.61552813,25.49509757,18.02775638,38.07886553,42.72001873,15.8113883,21.21320344,32.01562119,36.40054945,35.35533906,15.8113883,15.8113883,16.2788206,38.01315562,36.40054945,27.01851217,44.28317965,35.4682957,46.09772229,51.85556865,44.82186966,11.18033989,32.01562119,32.69556545,10,21.63330765,14.31782106,23.08679276,21.9544984,27.29468813,36.23534186,38.01315562,31.90611227,49.24428901,27.80287755,38.07886553,18.24828759,9.219544457,27.29468813,33.06055051,26.41968963,13.15294644,6.08276253,9.055385138,15.8113883,18.02775638,33.54101966,44.10215414,54.12023651,61.05735009,51.623638,42.05948169,29.52964612,23.08679276,31.78049716,50.7740091,19.23538406,16.1245155,20,23.60084744,25.49509757,29.20616373,41.10960958,35.4682957,28.63564213,38.28837944,26.62705391,20,19.92485885,14.31782106,26.92582404,7.280109889,27.29468813,10.77032961,42.01190308,16.15549442,8.544003745,12.04159458,4.472135955,5.099019514,8.246211251,6.403124237,11.70469991,10.04987562,13.89244399,11.18033989,
46.87216658,21.1896201,53.15072906,41.23105626,20,22.36067977,40.31128874,33.37663854,64.03124237,52.20153254,55.22680509,43.01162634,21.21320344,0,15.8113883,11.18033989,22.36067977,30.41381265,50,62.64982043,31.6227766,30,40.31128874,55.90169944,50.99019514,36.05551275,36.05551275,37.48332963,58.52349955,55.90169944,44.94441011,62.29767251,56.63920903,67.26812024,73,51.66236541,11.18033989,11.18033989,45.04442252,29.15475947,27.16615541,9.219544457,10.63014581,5.656854249,29.41088234,40.16217126,46.5295605,42.04759208,58.69412236,48.91829923,58.82176468,35.11409973,30.41381265,46.09772229,49.72926704,38.05259518,17.11724277,26.40075756,15.23154621,24.08318916,14.31782106,48.83646179,60.20797289,67,81.84130986,71.58910532,52.23983155,50.21951812,43.0464865,50.99019514,71.61005516,32.55764119,29.83286778,31.144823,34.0147027,46.69047012,50.32891813,62.28964601,56.63920903,49.09175083,59.46427499,37,27.01851217,21.37755833,12.04159458,13.60147051,15.26433752,43.41658669,27.31300057,59.20304046,9,13.89244399,14.31782106,20.24845673,17.20465053,18.38477631,14.86606875,11.70469991,16.76305461,8.544003745,32.01562119,
45.35416188,13,47.16990566,29.15475947,29.15475947,25.49509757,46.09772229,42.94182111,60.41522987,55,60.8276253,36.05551275,20,15.8113883,0,25,35.35533906,36.40054945,57.00877125,61.84658438,21.21320344,15.8113883,25,46.09772229,38.07886553,29.15475947,35.35533906,33.83784863,50.24937811,55.90169944,47.01063709,64.19501538,52.32590181,61.03277808,68.47627326,61.7170965,18.02775638,25,30.8058436,22.36067977,12.16552506,9.219544457,7.280109889,21.02379604,40.80441153,51.31276644,55.54277631,49.979996,67.41661516,45.31004304,56.30275304,38.11823711,26.92582404,36.12478374,37.58989226,24.04163056,7.280109889,21.84032967,21.02379604,31.78049716,26.17250466,53.33854141,64.07027392,73.54590403,78.79086241,70.60453243,37,42.80186912,42.57933771,51.4781507,68.54195795,20.24845673,18.43908891,17.88854382,19.92485885,41.59326869,44.41846463,56.30275304,50.7740091,41.23105626,55.00909016,44.59820624,35.77708764,32.20248438,22.02271555,29.06888371,13.15294644,47.16990566,30.2654919,62.00806399,20.51828453,18.78829423,22.47220505,22.36067977,19.6468827,23.40939982,16.76305461,19.41648784,23.2594067,17.69180601,30.41381265,
42.44997055,25.17935662,51.4781507,45,11.18033989,18.02775638,31.6227766,23,60.20797289,44.72135955,46.09772229,42.72001873,20.61552813,11.18033989,25,0,11.18033989,22.36067977,40.31128874,57.00877125,35,36.40054945,47.4341649,57.00877125,55,36.40054945,32.01562119,35.35533906,58.30951895,50,38.27531842,55.00909016,53.60037313,65.19202405,69.52697318,40.79215611,10,15.8113883,50.6359556,30.41381265,34.53983208,16.1245155,21.40093456,6.08276253,18.43908891,29.12043956,36.05551275,32.14031736,48.16637832,45.80392996,54.45181356,28.60069929,29.15475947,47.85394446,53.08483776,43.73785546,23.40939982,26.68332813,11.70469991,15.65247584,4.472135955,40.49691346,51.86520992,57.218878,77.15568676,65.80273551,58.94064811,49.76946855,38.18376618,45,67.17886572,37.21558813,34.13209633,36.67424164,40.02499219,44.77722635,48.76474136,60.20797289,54.70831747,49.04079934,56.40035461,27.45906044,17.4642492,11.04536102,6.32455532,6.32455532,18.11077028,35.77708764,21.9317122,51.4781507,5.099019514,12.16552506,8.94427191,17.4642492,15.5241747,13.89244399,15.03329638,9.055385138,11.66190379,8.246211251,29.15475947,
40.70626487,32.69556545,52.20153254,50.99019514,10,20,25,13.92838828,58.30951895,39.05124838,38.07886553,45.27692569,25.49509757,22.36067977,35.35533906,11.18033989,0,18.02775638,31.6227766,53.15072906,41.23105626,44.72135955,55.90169944,60.20797289,60.8276253,40,31.6227766,36.67424164,60.20797289,46.09772229,34.05877273,49.2036584,52.80151513,65,67.74215822,30.14962686,18.02775638,25,57.87054518,35.35533906,43.56604182,26.17250466,32.44996148,17.08800749,8.062257748,18.24828759,26.17250466,23.40939982,38.01315562,45.31004304,52.15361924,25.55386468,32.01562119,52.0096145,58.42088668,51.26402247,32.44996148,31.25699922,17.08800749,12.64911064,9.219544457,33.83784863,44.77722635,48.05205511,73.87827827,61.52235366,66.85057965,51.7880295,36.23534186,41.23105626,64.40496875,44.27188724,41.10960958,44.38468204,47.92702787,45.607017,49.72926704,60.16643583,55.02726597,51.4781507,55.4616985,19.72308292,11.40175425,6.08276253,13.60147051,12.04159458,25.94224354,30.41381265,21.58703314,45.22167622,14.86606875,18.78829423,14.31782106,21.21320344,20.88061302,17.2626765,21.9317122,16.64331698,15.5241747,17.69180601,30.41381265,
22.84731932,27.45906044,35.35533906,40.31128874,11.18033989,11.18033989,10,10.44030651,40.31128874,22.36067977,25,30.41381265,18.02775638,30.41381265,36.40054945,22.36067977,18.02775638,0,20.61552813,35.35533906,32.01562119,39.05124838,49.49747468,45.27692569,49.24428901,26.92582404,15,21.21320344,44.04543109,28.28427125,16.2788206,32.64965543,35.11409973,47.4341649,49.73932046,26.90724809,20,38.07886553,48.82622246,25,39.66106403,28.28427125,37.12142239,27.51363298,14.14213562,19.6977156,20,13.89244399,31.30495168,27.89265136,34.13209633,7.615773106,19.23538406,38.60051813,46.23851209,43.27817002,30.46309242,21.26029163,16.03121954,6.708203932,17.88854382,18.43908891,29.83286778,37.33630941,55.97320788,43.93176527,58.6003413,36.01388621,18.38477631,23.34523506,46.40043103,36.12478374,33.24154028,37.48332963,41.01219331,29.06888371,33.13608305,42.72001873,37.85498646,36.12478374,37.69615365,8.602325267,6.708203932,12.72792206,18.43908891,27.20294102,23.40939982,13.41640786,7.810249676,29.15475947,21.58703314,18.11077028,16.1245155,14.31782106,16.76305461,13.15294644,19.6468827,19.02629759,14,22.09072203,15.8113883,
28.23118843,47.42362281,42.72001873,56.56854249,30,31.6227766,11.18033989,17.72004515,40,15,7.071067812,43.01162634,38.07886553,50,57.00877125,40.31128874,31.6227766,20.61552813,0,30.41381265,50,58.30951895,68.00735254,55.90169944,64.03124237,42.42640687,28.28427125,34.71310992,52.20153254,25,17.88854382,21.9317122,38.83297568,50.24937811,48.25971405,13,40.31128874,55.90169944,65.7951366,43.01162634,59.48108943,48.83646179,57.55866572,46.17358552,23.76972865,17.69180601,8.062257748,8.246211251,12.04159458,34.53983208,34.05877273,20.80865205,36.40054945,52.20153254,60.6052803,61.22091146,50.92150823,39.96248241,36.49657518,26.07680962,36.12478374,9.219544457,15,17,49.979996,36.40054945,75.69015788,46.06517123,25.55386468,22.36067977,42.75511665,54.40588203,51.86520992,56.30275304,59.6405902,38.47076812,41.62931659,46.69047012,43.68065934,47.01063709,40.44749683,13,23.02172887,29.27456234,38.01315562,43.41658669,43.96589587,13.60147051,27.31300057,17.4642492,41,38.63935817,36.12478374,34.78505426,37.36308338,33.73425559,40.26164428,39.20459157,34.36568055,42.10700654,32.01562119,
16.4924225,49.03060269,22.36067977,46.09772229,46.09772229,40.31128874,29.15475947,41.34005322,11.18033989,15.8113883,25,30.41381265,42.72001873,62.64982043,61.84658438,57.00877125,53.15072906,35.35533906,30.41381265,0,45,55,60.8276253,36.05551275,49.24428901,35,26.92582404,28.28427125,29.83286778,7.071067812,19.10497317,10.77032961,15.26433752,22.36067977,18,43.28972164,51.4781507,72.11102551,55.08175742,40.31128874,58.07753438,57.00877125,65.78753681,61.29437168,47.4341649,46.23851209,38.07886553,34.53983208,39.11521443,18.11077028,8.062257748,28.42534081,34.92849839,37.94733192,45.69463864,53.60037313,54.5710546,40.02499219,47.50789408,41.77319715,52.63078947,22.13594362,18.43908891,32.31098884,20.80865205,8.94427191,63.90618123,28.23118843,19.6977156,12.04159458,12.36931688,49.04079934,48.01041554,52.0096145,54.14794548,23.34523506,23.40939982,20.61552813,20.80865205,30.08321791,14.86606875,34.98571137,41.77319715,48.08326112,51.86520992,62.36986452,49.979996,23.02172887,35.51056181,14.14213562,54.91812087,48.76474136,49.09175083,42.48529157,45.61797891,44.41846463,48.33218389,51.10772936,46.32493929,54.20332093,31.6227766,
29.27456234,10.44030651,26.92582404,10,31.6227766,22.36067977,39.05124838,41.88078318,41.23105626,42.72001873,51.4781507,15.8113883,15.8113883,31.6227766,21.21320344,35,41.23105626,32.01562119,50,45,0,10,18.02775638,25,20,10,22.36067977,17.4642492,29.06888371,40.31128874,34.92849839,50.009999,32.984845,40.31128874,48.46648326,58.72818744,25,42.72001873,17,7.071067812,13.34166406,22.47220505,27.80287755,34.525353,42.95346319,51.31276644,51.623638,45.254834,61.84658438,27.07397274,38.20994635,29.20616373,13.60147051,15,18.24828759,11.3137085,15.26433752,10.81665383,24.33105012,31.30495168,33.24154028,43.41658669,52.20153254,64.41273166,59.48108943,53.15072906,26.62705391,21.9544984,28.16025568,36.87817783,49.47726751,4.472135955,3.16227766,7.071067812,9.848857802,22.36067977,24.35159132,35.77708764,30.46309242,20.24845673,35.44009029,40.36087214,35.35533906,35.73513677,29.06888371,41.0487515,17.11724277,37.21558813,24.20743687,49.04079934,30.01666204,23.08679276,27.29468813,20.24845673,20.39607805,24.04163056,20.02498439,26.01922366,25.70992026,27.07397274,18.02775638,
39.20459157,12.20655562,36.40054945,14.14213562,36.05551275,28.28427125,47.16990566,48.10405388,50.99019514,52.20153254,60.41522987,25.49509757,21.21320344,30,15.8113883,36.40054945,44.72135955,39.05124838,58.30951895,55,10,0,11.18033989,32.01562119,22.36067977,20,31.6227766,27.29468813,37.21558813,50.24937811,44.27188724,59.8414572,42.75511665,49.24428901,57.87054518,65.94694838,26.92582404,40.31128874,15.13274595,15.8113883,4.242640687,21.09502311,23.08679276,34.23448554,48.01041554,57.38466694,59.03388857,52.80151513,69.89277502,37.05401463,48.16637832,37.58989226,22.47220505,22.47220505,22.20360331,8.246211251,13.15294644,18.35755975,27.78488798,36.87817783,35.84689666,52.39274759,61.68468205,73.40980861,69.12307864,63.12685641,22.56102835,31.01612484,37.85498646,46.69047012,59.22837158,6.32455532,7.071067812,3.16227766,4.123105626,32.24903099,33.95585369,44.94441011,39.84971769,29.15475947,45.12205669,47.63402146,41.10960958,39.96248241,31.38470965,41.77319715,18.78829423,46.09772229,31.40063694,58.69412236,31.32091953,25.94224354,30.41381265,25.49509757,24.41311123,28.60069929,22.82542442,28.23118843,29.68164416,28.16025568,26.92582404,
46.17358552,23.32380758,40,15,47.16990566,39.05124838,57.00877125,58.89821729,55,60.41522987,69.46221995,30.41381265,32.01562119,40.31128874,25,47.4341649,55.90169944,49.49747468,68.00735254,60.8276253,18.02775638,11.18033989,0,31.6227766,18.02775638,26.92582404,40.31128874,34.92849839,38.07886553,57.00877125,52.77309921,67.05221846,47.04253395,50.99019514,60.5309838,76.38062582,38.07886553,50,8.602325267,25,13.15294644,31.78049716,32.06243908,44.91102315,59.07622195,68.24954212,69.35416354,63.03173804,79.81227976,42.75511665,53.33854141,47.20169488,31.6227766,24.08318916,19.6977156,7.280109889,24.04163056,28.31960452,38.94868419,47.80167361,47.01063709,61.40032573,69.85699679,82.36504113,72.33947747,68.26419266,12,34.0147027,45.69463864,54.08326913,63.03173804,13.60147051,16.2788206,12.04159458,8.485281374,37.48332963,38.05259518,47.38143096,43.0464865,32.01562119,49,58,52.0096145,51.10772936,42.54409477,52.63078947,29.96664813,55.22680509,41.72529209,66.48308055,42.3792402,37.12142239,41.59326869,36.40054945,35.51056181,39.66106403,34,39.39543121,40.81666326,39.2173431,36.05551275,
27.78488798,34.98571137,14.14213562,18.02775638,50.24937811,40.31128874,47.4341649,55.57877293,26.92582404,43.01162634,54.08326913,15,36.40054945,55.90169944,46.09772229,57.00877125,60.20797289,45.27692569,55.90169944,36.05551275,25,32.01562119,31.6227766,0,15,20.61552813,30.41381265,24.08318916,7.071067812,35.35533906,38.01315562,45.3431362,20.80865205,20,30.06659276,67.77905281,47.4341649,67.08203932,23.53720459,26.92582404,36.23534186,47.01063709,52.80151513,57.93962375,59.07622195,64.32728814,60.74537019,54.70831747,67.60177512,21.63330765,28.01785145,38.83297568,28.28427125,10,12.16552506,25.94224354,40.22437072,30.3644529,45.35416188,48.01041554,54.12947441,47.01063709,50.99019514,65.29931087,42.10700654,41.23105626,30.06659276,9.848857802,30.46309242,35,33.95585369,26.17250466,27.65863337,29.06888371,28.8444102,17.4642492,14.4222051,17.4642492,15.26433752,9.219544457,21.47091055,51.41984053,51.03920062,54.14794548,50.69516742,63.3245608,40.71854614,42.54409477,39,46.69047012,52.49761899,44.92215489,48.27007354,39.81205847,41.48493703,43.73785546,42.3792402,48.08326112,45.89117562,49.979996,30,
37.64306045,30.14962686,26.92582404,10,50.99019514,41.23105626,54.08326913,59.61543424,41.23105626,53.15072906,63.63961031,21.21320344,35.35533906,50.99019514,38.07886553,55,60.8276253,49.24428901,64.03124237,49.24428901,20,22.36067977,18.02775638,15,0,22.36067977,36.05551275,29.41088234,22.02271555,47.16990566,46.69047012,57.45432969,34.17601498,35,45.04442252,74.62573283,45,61.84658438,9.433981132,25.49509757,26.41968963,41.77319715,45.31004304,54.33231083,61.68468205,68.94200461,67.41661516,61.05735009,76.05918748,32.44996148,41.23105626,44.41846463,30.08321791,12.04159458,3.605551275,14.4222051,33.95585369,29.61418579,44.18144407,50,53.15072906,55.90169944,62.00806399,75.82216035,57.07889277,55.36244214,15.13274595,21.02379604,38.89730068,45.607017,48.66210024,18.43908891,21.21320344,20.24845673,18.35755975,27.20294102,25.94224354,32.24903099,29.12043956,19.23538406,35.44009029,56.82429058,53.75872022,55.10898293,49.04079934,61.03277808,37.05401463,50.44799302,41.78516483,58.00862005,50.009999,43.0464865,47.16990566,39.62322551,40.19950248,43.56604182,40.01249805,46.01086828,45.39823785,47.04253395,33.54101966,
19.41648784,16.40121947,18.02775638,14.14213562,30,20,32.01562119,37.33630941,31.6227766,33.54101966,43.01162634,7.071067812,15.8113883,36.05551275,29.15475947,36.40054945,40,26.92582404,42.42640687,35,10,20,26.92582404,20.61552813,22.36067977,0,14.14213562,8.062257748,22.47220505,30.41381265,26.07680962,40.26164428,23.40939982,32.01562119,39.35733731,52.43090692,26.92582404,47.16990566,23.43074903,7.071067812,23.19482701,27.65863337,34.82814953,37.57658846,39.81205847,46.61544808,45.22167622,38.83297568,54.45181356,17.11724277,28.28427125,22.20360331,8.062257748,12.04159458,19.31320792,19.6977156,22.20360331,9.848857802,24.73863375,28.28427125,33.54101966,35,42.95346319,55.75840744,49.979996,43.18564576,33.30165161,14.2126704,18.78829423,27.20294102,39.84971769,14.14213562,13.03840481,17.02938637,19.41648784,12.64911064,15.26433752,27.20294102,21.63330765,13.03840481,26,34.4818793,31.78049716,34.0147027,30.08321791,42.72001873,20.80865205,29.06888371,19.6468827,39.56008089,31.95309062,24.35159132,27.65863337,19.23538406,20.88061302,23.19482701,21.9317122,27.51363298,25.3179778,29.54657341,11.18033989,
10.81665383,23,20.61552813,28.28427125,22.36067977,14.14213562,18.02775638,25.17935662,28.28427125,20.61552813,29.15475947,15.8113883,15.8113883,36.05551275,35.35533906,32.01562119,31.6227766,15,28.28427125,26.92582404,22.36067977,31.6227766,40.31128874,30.41381265,36.05551275,14.14213562,0,6.708203932,29.06888371,20.61552813,12.64911064,29,21.63330765,33.54101966,37.53664876,38.58756276,25,46.09772229,37.53664876,15.8113883,33.73425559,30.08321791,38.89730068,35.38361203,29.06888371,33.95585369,31.38470965,25.05992817,40.31128874,13.89244399,22.8035085,8.544003745,9.219544457,24.59674775,32.75667871,33.28663395,28.16025568,14.03566885,21.26029163,18.97366596,28.01785145,21.09502311,30.08321791,42.05948169,45.80392996,35.84689666,47.42362281,21.02379604,7.280109889,16.1245155,35.60898763,26.83281573,24.69817807,29.15475947,32.20248438,14.14213562,18.24828759,28.63564213,23.40939982,21.21320344,24.41311123,21.1896201,21.21320344,25.63201124,26.17250466,38.01315562,23.08679276,15,10.29563014,27.29468813,29,22.20360331,23.34523506,15.8113883,18.86796226,18.38477631,21.47091055,24.8394847,20.51828453,27.80287755,5,
12,20.88061302,16.1245155,22.02271555,26.92582404,17.4642492,24.69817807,31.57530681,26.92582404,25.49509757,35,9.219544457,16.2788206,37.48332963,33.83784863,35.35533906,36.67424164,21.21320344,34.71310992,28.28427125,17.4642492,27.29468813,34.92849839,24.08318916,29.41088234,8.062257748,6.708203932,0,23.53720459,23.02172887,18.02775638,32.55764119,19.20937271,30,35.60898763,45.27692569,27.01851217,48.16637832,31.40063694,12.04159458,30.01666204,30.23243292,38.47076812,37.80211634,35.0142828,40.52159918,38.07886553,31.76476035,46.75467891,11.66190379,22.47220505,15.23154621,7.211102551,17.88854382,26.07680962,27.73084925,26.57066051,12.08304597,23.85372088,24.18677324,31.78049716,27.01851217,34.92849839,47.70744177,45.17742799,36.87817783,41.23105626,15.13274595,10.77032961,19.41648784,34.88552709,21.84032967,20.22374842,24.51530134,27.20294102,9.433981132,13.41640786,25,19.41648784,15,22.02271555,27.85677655,27,30.59411708,29.15475947,41.59326869,23.02172887,21.21320344,15.13274595,31.6227766,31.6227766,24.20743687,26.41968963,18.02775638,20.61552813,21.47091055,22.627417,27.20294102,23.70653918,29.83286778,6.32455532,
24.04163056,38.28837944,9.486832981,23.76972865,50.44799302,40.80441153,44.72135955,54.00925847,20.1246118,38.47076812,49.64876635,15.65247584,38.01315562,58.52349955,50.24937811,58.30951895,60.20797289,44.04543109,52.20153254,29.83286778,29.06888371,37.21558813,38.07886553,7.071067812,22.02271555,22.47220505,29.06888371,23.53720459,0,30,34.4818793,39.62322551,14.86606875,13.03840481,23.02172887,64.56004957,49.1934955,69.64194139,30.2654919,29.41088234,41.34005322,50,56.5862174,59.94163828,58.13776741,62.28964601,57.72347876,51.97114584,63.56099433,17.72004515,21.9317122,37.01351105,29.15475947,14.76482306,19.02629759,31.95309062,43.8634244,32.24903099,46.61544808,47.67598976,55.02726597,43.08131846,45.80392996,60.21627687,35.05709629,34.43835072,37.12142239,8.544003745,27.45906044,30.41381265,26.92582404,31.06444913,32.01562119,34.13209633,34.43835072,15,11.04536102,10.44030651,9.219544457,9.433981132,15,49.25444142,50.24937811,54.12947441,52,64.62197769,43.26661531,39.29376541,38.63935817,41.40048309,54.12947441,46.5188134,49.39635614,40.85339643,42.95346319,44.59820624,44.29446918,49.65883607,46.81879964,51.88448708,29.83286778,
11.04536102,43.28972164,21.21320344,42.72001873,39.05124838,33.54101966,22.36067977,34.4818793,15,10,20.61552813,26.92582404,36.40054945,55.90169944,55.90169944,50,46.09772229,28.28427125,25,7.071067812,40.31128874,50.24937811,57.00877125,35.35533906,47.16990566,30.41381265,20.61552813,23.02172887,30,0,12.04159458,10.29563014,15.26433752,25.49509757,23.53720459,38,44.72135955,65.19202405,52,35,53.03772242,50.59644256,59.48108943,54.3783045,40.49691346,39.84971769,32.24903099,28.16025568,34.92849839,14.76482306,9.219544457,21.40093456,29.15475947,35.35533906,43.56604182,49.72926704,48.66210024,34.23448554,40.70626487,34.71310992,45.607017,16.1245155,15.8113883,30.23243292,27.80287755,15.8113883,61.26989473,26.40075756,13.34166406,5,18.78829423,44.55333882,43.18564576,47.38143096,49.81967483,20.1246118,21.40093456,22.47220505,20.80865205,28.01785145,16.15549442,28.17800561,34.71310992,41.01219331,44.94441011,55.31726674,43.68065934,16.1245155,28.65309756,11.40175425,48.02082881,42.04759208,42.19004622,35.84689666,39,37.58989226,41.78516483,44.29446918,39.44616585,47.41307836,25.49509757,
10.44030651,35.22782991,25,40,27.20294102,22.8035085,11.18033989,22.84731932,25.29822128,8.062257748,17.02938637,25.49509757,27.01851217,44.94441011,47.01063709,38.27531842,34.05877273,16.2788206,17.88854382,19.10497317,34.92849839,44.27188724,52.77309921,38.01315562,46.69047012,26.07680962,12.64911064,18.02775638,34.4818793,12.04159458,0,17.4642492,22,34.13209633,34.53983208,30.08321791,33.83784863,53.71219601,49.40647731,28.46049894,46.32493929,40.60788101,49.64876635,42.94182111,28.65309756,29.27456234,23.34523506,18,29.68164416,16.76305461,18.97366596,9.848857802,21.84032967,34.71310992,43.18564576,45.65084884,40.01249805,26.47640459,29.73213749,22.8035085,33.83784863,9.219544457,17.4642492,29.68164416,39.8246155,27.65863337,59.20304046,28.17800561,7.810249676,7.211102551,30.52867504,39.39543121,37.33630941,41.78516483,44.77722635,20.59126028,23.76972865,30,26.30589288,29.15475947,24.08318916,16.76305461,22.6715681,29,33.54101966,43.41658669,34.13209633,5,17.72004515,15,36.67424164,31.32091953,30.87069808,25.49509757,28.63564213,26.57066051,31.57530681,33.24154028,28.23118843,36.40054945,17.4642492,
20.88061302,52,31.2409987,52.92447449,43.829214,40.26164428,24.20743687,36.06937759,21.9317122,10.29563014,15.5241747,37.16180835,44.28317965,62.29767251,64.19501538,55.00909016,49.2036584,32.64965543,21.9317122,10.77032961,50.009999,59.8414572,67.05221846,45.3431362,57.45432969,40.26164428,29,32.55764119,39.62322551,10.29563014,17.4642492,0,24.75883681,33.10589071,28.28427125,34.20526275,51.2445119,70.68238819,62.24146528,44.28317965,62.39390996,58.05170109,67.08203932,60.00833275,42.44997055,39.11521443,29.96664813,27.80287755,29.01723626,25.05992817,17.80449381,27.20294102,38.05259518,45.65084884,53.85164807,59.77457654,57.07889277,43.01162634,47.12748667,39.35733731,50.53711507,15.55634919,8,21.54065923,28.16025568,14.56021978,71.55417528,36.61966685,22.09072203,13.15294644,22.02271555,54.34151268,52.77309921,57.07013229,59.66573556,30.41381265,31.6227766,31.06444913,30.41381265,38.27531842,25,29.73213749,38.27531842,44.94441011,50.69516742,59.68249325,51.4781507,19.23538406,35.17101079,4.472135955,53.85164807,48.76474136,48.10405388,42.95346319,46.09772229,43.96589587,49.03060269,50.59644256,45.54119015,53.75872022,34,
12.36931688,39.35733731,7.280109889,32.06243908,43.9089968,35.60898763,33.06055051,43.93176527,8.246211251,24.35159132,35.4682957,17.2626765,35.4682957,56.63920903,52.32590181,53.60037313,52.80151513,35.11409973,38.83297568,15.26433752,32.984845,42.75511665,47.04253395,20.80865205,34.17601498,23.40939982,21.63330765,19.20937271,14.86606875,15.26433752,22,24.75883681,0,12.36931688,16.40121947,51.623638,45.96737974,67.17886572,40.60788101,29.96664813,46.32493929,49.40647731,57.45432969,56.63920903,49.04079934,51.15662225,45.17742799,40,49.64876635,7.810249676,7.211102551,27.51363298,26.40075756,23.34523506,30.6757233,40,45.17742799,31.06444913,42.52058325,40.24922359,49.64876635,29.61418579,31.06444913,45.48626166,26.57066051,21.37755833,49.04079934,13.34166406,16.76305461,16.4924225,16.4924225,36.49657518,36.138622,39.62322551,41.19465985,10.77032961,9,8,5.656854249,15.29705854,2.828427125,38.32753579,41.78516483,46.95742753,47.63402146,59.6405902,42.20189569,27,31.90611227,26.62705391,50.32891813,43.13930922,44.82186966,36.79673899,39.59797975,39.8246155,41.77319715,46.01086828,42.01190308,48.7954916,24.75883681,
24.73863375,48.41487375,14.14213562,36.40054945,55.90169944,47.16990566,45.27692569,56.29387178,11.18033989,35.35533906,46.09772229,25,46.09772229,67.26812024,61.03277808,65.19202405,65,47.4341649,50.24937811,22.36067977,40.31128874,49.24428901,50.99019514,20,35,32.01562119,33.54101966,30,13.03840481,25.49509757,34.13209633,33.10589071,12.36931688,0,10.19803903,63.19810124,57.00877125,78.10249676,43.28972164,39.05124838,53.22593353,59.41380311,66.84309987,67.80117993,61.40032573,63.38769597,57.00877125,52.08646657,60.41522987,19.6977156,16.2788206,39.84971769,36.87817783,27.20294102,32.06243908,44.64302857,54.20332093,41.01219331,53.82378656,52.39274759,61.40032573,41.10960958,40.49691346,54.62600113,22.20360331,24.08318916,50.03998401,18.35755975,29.12043956,28.01785145,15.26433752,42.95346319,43.41658669,46.09772229,46.81879964,20.61552813,16.97056275,5,10.63014581,20.1246118,10.04987562,50.6359556,54.08326913,59.09314681,59.07622195,71.34423593,52.32590181,39.11521443,43.829214,36.05551275,61.6116872,54.20332093,56.30275304,48.01041554,50.60632372,51.31276644,52.49761899,57.20139858,53.53503526,59.81638571,36.05551275,
27.20294102,55.56977596,21.54065923,45.70557953,59.40538696,51.66236541,45.54119015,57.38466694,9.433981132,33.37663854,43,32.69556545,51.85556865,73,68.47627326,69.52697318,67.74215822,49.73932046,48.25971405,18,48.46648326,57.87054518,60.5309838,30.06659276,45.04442252,39.35733731,37.53664876,35.60898763,23.02172887,23.53720459,34.53983208,28.28427125,16.40121947,10.19803903,0,61.20457499,62.24146528,83.45058418,53.08483776,46.14108798,61.68468205,65.80273551,73.78346698,72.83543094,63.07138812,63.3245608,55.73149917,51.66236541,57.07889277,24.08318916,15.65247584,42.19004622,42.80186912,36.49657518,42,53.93514624,61.40032573,47.4341649,58.69412236,55.47071299,65.4369926,39.62322551,36.22154055,49.47726751,12.04159458,16.1245155,60.13318551,26.92582404,31.6227766,27.51363298,6.708203932,51.54609588,51.623638,54.70831747,55.78530272,26.92582404,24.16609195,13.15294644,18.02775638,28.86173938,13.60147051,51.26402247,56.43580424,62.12889827,63.70243323,75.43208866,58.6003413,39.2173431,47.63402146,32.06243908,66.48308055,59.41380311,60.87692502,53.03772242,55.90169944,55.90169944,58.13776741,62.22539674,58.05170109,65.06919394,41.03656906,
40.52159918,54.20332093,55.08175742,66.4003012,32.69556545,37.80211634,20.59126028,18.78829423,53,28,18.68154169,54.12023651,44.82186966,51.66236541,61.7170965,40.79215611,30.14962686,26.90724809,13,43.28972164,58.72818744,65.94694838,76.38062582,67.77905281,74.62573283,52.43090692,38.58756276,45.27692569,64.56004957,38,30.08321791,34.20526275,51.623638,63.19810124,61.20457499,0,43.8634244,55.08175742,75.2861209,51.66236541,66.4003012,52.80151513,60.74537019,46.87216658,22.36067977,12,7.211102551,13.60147051,8.94427191,46.84015371,47.04253395,30.23243292,45.45327271,63.13477647,71.34423593,70.03570518,56.60388679,48.08326112,40.70626487,30.01666204,37.36308338,22.09072203,26.57066051,21.40093456,62.36184731,48.76474136,85.14693183,57.93962375,37.33630941,35.22782991,55.57877293,62.93647591,60.10823571,64.38167441,67.89698079,50.32891813,53.75872022,59.53990259,56.29387178,58.69412236,53.33854141,18.38477631,25.94224354,30.3644529,40.49691346,42.04759208,49.39635614,25.29822128,34.6554469,29.83286778,43.01162634,42.94182111,39.39543121,40.80441153,42.72001873,38.58756276,45.27692569,42.54409477,38.47076812,44.94441011,41.40048309,
35.80502758,15.29705854,43.01162634,35,11.18033989,11.18033989,30,25.07987241,53.15072906,41.23105626,45,33.54101966,11.18033989,11.18033989,18.02775638,10,18.02775638,20,40.31128874,51.4781507,25,26.92582404,38.07886553,47.4341649,45,26.92582404,25,27.01851217,49.1934955,44.72135955,33.83784863,51.2445119,45.96737974,57.00877125,62.24146528,43.8634244,0,21.21320344,40.79215611,20.61552813,25.55386468,8.94427191,17.2626765,10.81665383,22.8035085,33.28663395,37.94733192,32.75667871,50,38.18376618,47.80167361,24.04163056,20.24845673,38.07886553,43.10452412,33.95585369,14.4222051,17.08800749,4.123105626,14.31782106,8.94427191,38.20994635,49.49747468,57.218878,70.80254233,60.41522987,49.33558553,40.70626487,31.90611227,39.81205847,60.6052803,27.29468813,24.18677324,26.92582404,30.3644529,36.40054945,40.22437072,52.0096145,46.40043103,39.81205847,48.7954916,27.45906044,18.02775638,14.2126704,4.472135955,16.1245155,8.246211251,32.55764119,16.15549442,48.27007354,5.099019514,2.828427125,4.472135955,9.219544457,6.403124237,7.280109889,5.099019514,1.414213562,6,2.828427125,21.21320344,
56.85068161,32.31098884,64.03124237,52.20153254,26.92582404,32.01562119,47.4341649,38.32753579,74.33034374,60.41522987,61.84658438,54.08326913,32.01562119,11.18033989,25,15.8113883,25,38.07886553,55.90169944,72.11102551,42.72001873,40.31128874,50,67.08203932,61.84658438,47.16990566,46.09772229,48.16637832,69.64194139,65.19202405,53.71219601,70.68238819,67.17886572,78.10249676,83.45058418,55.08175742,21.21320344,0,55.4436651,40.31128874,37.05401463,20.24845673,18.11077028,10.81665383,33.01514804,43.10452412,51.0881591,47.67598976,63.00793601,59.39696962,68.8839604,43.9089968,41.23105626,57.27128425,60.7289058,48.50773134,27.89265136,37.44329045,24.8394847,31.38470965,20.24845673,56.30275304,67.67569726,72.69112738,91.83136719,80.99382693,62,61.29437168,52.80151513,60.20797289,81.68843247,43.41658669,40.80441153,41.77319715,44.40720662,57.48912941,61.22091146,73.10950691,67.47592163,60.20797289,70.00714249,43.17406629,33.24154028,26.68332813,20.24845673,13.03840481,26.41968963,51.4781507,36.61966685,67.23094526,17.20465053,24.04163056,23.02172887,30.41381265,27.58622845,27.80287755,25.61249695,21.26029163,25.8069758,18.38477631,42.42640687,
41.59326869,25.49509757,33.37663854,9.433981132,48.46648326,39.35733731,55.1724569,58.83026432,48.25971405,56.60388679,66.4003012,25.07987241,32.69556545,45.04442252,30.8058436,50.6359556,57.87054518,48.82622246,65.7951366,55.08175742,17,15.13274595,8.602325267,23.53720459,9.433981132,23.43074903,37.53664876,31.40063694,30.2654919,52,49.40647731,62.24146528,40.60788101,43.28972164,53.08483776,75.2861209,40.79215611,55.4436651,0,23.85372088,18.68154169,36,38.07886553,49.04079934,59.93329626,68.26419266,68.11754546,61.7170965,77.79460136,37.33630941,47.29693436,45.27692569,29.83286778,17.2626765,11.40175425,7,28,27.78488798,40.80441153,48.3011387,49.47726751,58.41232747,65.8634952,79.0569415,65.03076195,61.98386887,9.899494937,27.29468813,41.88078318,49.64876635,56.08029957,13.60147051,16.76305461,14.03566885,11.04536102,31.95309062,31.78049716,40.01249805,36.12478374,25.3179778,42.29657197,57.00877125,52.35456045,52.55473337,45.12205669,56.32051136,32.55764119,52.49761899,41.0487515,62.17716623,45.54119015,39.29376541,43.68065934,37.16180835,37,40.85339643,36.138622,41.97618372,42.3792402,42.42640687,33.9705755,
24.0208243,9.433981132,25,15.8113883,25.49509757,15.8113883,32.01562119,34.98571137,38.07886553,36.40054945,44.72135955,14.14213562,10,29.15475947,22.36067977,30.41381265,35.35533906,25,43.01162634,40.31128874,7.071067812,15.8113883,25,26.92582404,25.49509757,7.071067812,15.8113883,12.04159458,29.41088234,35,28.46049894,44.28317965,29.96664813,39.05124838,46.14108798,51.66236541,20.61552813,40.31128874,23.85372088,0,18.11077028,20.61552813,27.80287755,31.01612484,36.40054945,44.41846463,44.55333882,38.18376618,54.81788029,23.08679276,34.20526275,22.20360331,6.708203932,17.4642492,23.08679276,18.38477631,15.26433752,4.123105626,19.02629759,24.69817807,28.01785145,36.67424164,45.88027899,57.69748695,56.46237685,48.83646179,33.60059523,21.26029163,22.20360331,31.144823,46.23851209,11.40175425,8.94427191,13.41640786,16.64331698,19.23538406,22.20360331,34.20526275,28.60069929,20,32.64965543,33.30165161,28.63564213,29.61418579,24.18677324,36.67424164,13.89244399,30.41381265,17.20465053,42.95346319,25.70992026,18.24828759,22.02271555,14.14213562,15.03329638,18.11077028,15.5241747,21.37755833,20.02498439,23.08679276,11.18033989,
42.01190308,12.20655562,40.16217126,18.38477631,35.4682957,28.60069929,48.3011387,48.16637832,54.5710546,54.34151268,62.03224968,29.12043956,21.63330765,27.16615541,12.16552506,34.53983208,43.56604182,39.66106403,59.48108943,58.07753438,13.34166406,4.242640687,13.15294644,36.23534186,26.41968963,23.19482701,33.73425559,30.01666204,41.34005322,53.03772242,46.32493929,62.39390996,46.32493929,53.22593353,61.68468205,66.4003012,25.55386468,37.05401463,18.68154169,18.11077028,0,18.68154169,19.41648784,31.78049716,47.50789408,57.28001397,59.6405902,53.53503526,70.83078427,40.31128874,51.4781507,39,24.51530134,26.62705391,26.40075756,12.08304597,11.18033989,19.92485885,27.01851217,36.79673899,34.4818793,54.08326913,63.78871374,75.02666193,72.80109889,66.37017402,25.07987241,34.92849839,40.31128874,49.25444142,62.8171951,10.29563014,10.19803903,7.211102551,8.062257748,35.6931366,37.64306045,48.84669897,43.65775991,33.10589071,48.76474136,48.25971405,41.03656906,39.20459157,30.01666204,39.56008089,17.80449381,47.75981575,32.24903099,61,29.54657341,25,29.41088234,25.61249695,24.04163056,28.28427125,22.02271555,26.92582404,29.06888371,26.40075756,28.86173938,
40.71854614,12.08304597,45.27692569,32.01562119,20.1246118,18.02775638,38.20994635,34.0147027,57.14017851,48.37354649,53.15072906,34.71310992,14.31782106,9.219544457,9.219544457,16.1245155,26.17250466,28.28427125,48.83646179,57.00877125,22.47220505,21.09502311,31.78049716,47.01063709,41.77319715,27.65863337,30.08321791,30.23243292,50,50.59644256,40.60788101,58.05170109,49.40647731,59.41380311,65.80273551,52.80151513,8.94427191,20.24845673,36,20.61552813,18.68154169,0,9.055385138,13.15294644,31.6227766,42.19004622,46.81879964,41.48493703,58.82176468,41.88078318,52.35456045,31.144823,23.02172887,37.12142239,40.52159918,29,8,18.43908891,12.36931688,23.08679276,16.97056275,46,57.07889277,65.62011887,75.29276194,65.9241989,43.56604182,41.86884283,37.33630941,45.88027899,65,23.34523506,20.61552813,22.02271555,25.01999201,39.05124838,42.44997055,54.4885309,48.83646179,40.60788101,52.20153254,36.138622,26.92582404,23.02172887,12.80624847,20.88061302,7.211102551,40.04996879,23.08679276,55.4436651,11.40175425,10.19803903,13.41640786,15.13274595,12.04159458,15.13274595,9.055385138,10.29563014,14.56021978,8.485281374,25.49509757,
49.39635614,18.43908891,52.80151513,36.23534186,28.16025568,27.07397274,47.09564736,42.05948169,65.36818798,57.42821606,62.07253821,41.86884283,23.08679276,10.63014581,7.280109889,21.40093456,32.44996148,37.12142239,57.55866572,65.78753681,27.80287755,23.08679276,32.06243908,52.80151513,45.31004304,34.82814953,38.89730068,38.47076812,56.5862174,59.48108943,49.64876635,67.08203932,57.45432969,66.84309987,73.78346698,60.74537019,17.2626765,18.11077028,38.07886553,27.80287755,19.41648784,9.055385138,0,16.2788206,38.91015292,49.65883607,55.08175742,50.009999,67.18630813,50.11985634,60.8358447,40.19950248,31.30495168,42.80186912,44.72135955,31.32091953,12.72792206,26.41968963,21.09502311,31.57530681,23.70653918,55.00909016,66.12110102,74.43117626,83.6480723,74.67261881,44.04543109,48.83646179,46.17358552,54.81788029,73.35529974,27.29468813,25.23885893,25.07987241,27.20294102,46.87216658,50,62.00806399,56.40035461,47.38143096,60.20797289,44.72135955,35.17101079,30.46309242,20.24845673,24.20743687,15.8113883,49.09175083,32.14031736,64.49806199,17.88854382,19.02629759,21.58703314,24.18677324,21.09502311,24.0208243,18.11077028,18.43908891,23.19482701,15.8113883,34.17601498,
46.09772229,24.18677324,53.82378656,44.40720662,16.4924225,21.26029163,37.10795063,29.01723626,63.65532185,49.76946855,51.7880295,44.29446918,21.9544984,5.656854249,21.02379604,6.08276253,17.08800749,27.51363298,46.17358552,61.29437168,34.525353,34.23448554,44.91102315,57.93962375,54.33231083,37.57658846,35.38361203,37.80211634,59.94163828,54.3783045,42.94182111,60.00833275,56.63920903,67.80117993,72.83543094,46.87216658,10.81665383,10.81665383,49.04079934,31.01612484,31.78049716,13.15294644,16.2788206,0,24.51530134,35.17101079,42.10700654,38.05259518,54.23098745,48.83646179,58.13776741,33.12099032,31.06444913,48.38388161,52.77309921,42.04759208,21.09502311,27.73084925,14.14213562,20.88061302,10.04987562,45.88027899,57.28001397,63.12685641,81.05553652,70.17834424,56.71860365,51.4781507,42.01190308,49.39635614,70.9365914,36.05551275,33.13608305,35.0142828,38.11823711,47.20169488,51.03920062,62.80127387,57.20139858,50.53711507,59.46427499,33.24154028,23.19482701,17,9.433981132,8.062257748,17.4642492,40.85339643,25.8069758,56.64803615,6.403124237,13.60147051,12.20655562,19.84943324,17.20465053,17.02938637,15.65247584,10.63014581,15,8.062257748,31.89043744,
36.68787266,35.80502758,49.49747468,52.20153254,12.04159458,20.61552813,18.43908891,6.403124237,53.71219601,32.55764119,30.41381265,44.10215414,27.29468813,29.41088234,40.80441153,18.43908891,8.062257748,14.14213562,23.76972865,47.4341649,42.95346319,48.01041554,59.07622195,59.07622195,61.68468205,39.81205847,29.06888371,35.0142828,58.13776741,40.49691346,28.65309756,42.44997055,49.04079934,61.40032573,63.07138812,22.36067977,22.8035085,33.01514804,59.93329626,36.40054945,47.50789408,31.6227766,38.91015292,24.51530134,0,10.77032961,18.11077028,15.65247584,30,41.97618372,47.42362281,21.58703314,31.78049716,51.7880295,58.94064811,53.71219601,36.76955262,32.31098884,20.51828453,11.70469991,15.23154621,26.90724809,37.44329045,40.02499219,68.24221567,55.4436651,69.35416354,50.009999,32.28002478,35.84689666,59.16924877,46.5295605,43.41658669,47.16990566,50.7740091,43.18564576,47.26520919,56.75385449,51.97114584,50.009999,51.54609588,12.72792206,8.062257748,8.602325267,18.86796226,20.09975124,29.73213749,24.41311123,20.22374842,38.28837944,21.02379604,22.627417,18.43908891,22.82542442,23.60084744,19.41648784,25.49509757,21.40093456,18.43908891,23.32380758,29.15475947,
39.01281841,45.27692569,53.08483776,59.94163828,22.20360331,29.20616373,18.11077028,9.433981132,54.34151268,30.46309242,24.75883681,49.72926704,36.23534186,40.16217126,51.31276644,29.12043956,18.24828759,19.6977156,17.69180601,46.23851209,51.31276644,57.38466694,68.24954212,64.32728814,68.94200461,46.61544808,33.95585369,40.52159918,62.28964601,39.84971769,29.27456234,39.11521443,51.15662225,63.38769597,63.3245608,12,33.28663395,43.10452412,68.26419266,44.41846463,57.28001397,42.19004622,49.65883607,35.17101079,10.77032961,0,10,11.70469991,20.39607805,45.01110974,48.05205511,25.49509757,38.91015292,58.1893461,65.9241989,62.42595614,46.86149806,40.49691346,30.61045573,20.51828453,26,24.16609195,32.64965543,31.78049716,66.64082833,53.23532662,77.93587107,54.74486277,35.0142828,35.90264614,58.52349955,55.21775077,52.20153254,56.22277119,59.81638571,47.38143096,51.2445119,59.13543777,55,55.10898293,53.33854141,13.03840481,16.2788206,19.23538406,29.52964612,30.06659276,39.69886648,24.33105012,27.29468813,34.66987165,31.78049716,32.80243893,28.8444102,31.89043744,33.24154028,29,35.4682957,31.90611227,28.42534081,34,35.4682957,
33.73425559,47.4341649,48.27007354,59.20304046,26.92582404,31.06444913,13.41640786,13.15294644,47.16990566,22.36067977,15,46.95742753,38.01315562,46.5295605,55.54277631,36.05551275,26.17250466,20,8.062257748,38.07886553,51.623638,59.03388857,69.35416354,60.74537019,67.41661516,45.22167622,31.38470965,38.07886553,57.72347876,32.24903099,23.34523506,29.96664813,45.17742799,57.00877125,55.73149917,7.211102551,37.94733192,51.0881591,68.11754546,44.55333882,59.6405902,46.81879964,55.08175742,42.10700654,18.11077028,10,0,6.403124237,12.16552506,40.02499219,41.0487515,23.02172887,38.28837944,55.94640292,64.14047084,62.93647591,50.11985634,41.03656906,34.53983208,23.76972865,32.24903099,16.1245155,23.02172887,22.13594362,57.93962375,44.38468204,77.98717843,50.92150823,30.3644529,29,50.44799302,55.86591089,53.07541804,57.38466694,60.87692502,43.32435804,46.84015371,53.15072906,49.64876635,51.623638,47.04253395,11.40175425,19.92485885,25.17935662,34.92849839,38.20994635,42.94182111,18.43908891,27.65863337,25.49509757,37.65634077,36.76955262,33.52610923,34.13209633,36.23534186,32.20248438,38.91015292,36.68787266,32.31098884,39.29376541,34.20526275,
28.16025568,41.34005322,42.57933771,52.80151513,22.09072203,25.05992817,7.280109889,9.486832981,42.75511665,18.78829423,14.76482306,40.71854614,31.90611227,42.04759208,49.979996,32.14031736,23.40939982,13.89244399,8.246211251,34.53983208,45.254834,52.80151513,63.03173804,54.70831747,61.05735009,38.83297568,25.05992817,31.76476035,51.97114584,28.16025568,18,27.80287755,40,52.08646657,51.66236541,13.60147051,32.75667871,47.67598976,61.7170965,38.18376618,53.53503526,41.48493703,50.009999,38.05259518,15.65247584,11.70469991,6.403124237,0,17.4642492,34.36568055,36.49657518,16.64331698,31.89043744,49.64876635,57.80138407,56.56854249,44.28317965,34.71310992,29.12043956,18.43908891,28.01785145,12.52996409,22.02271555,25.07987241,55.00909016,41.67733197,71.58910532,44.92215489,24.51530134,24.33105012,46.81879964,49.51767361,46.75467891,51.0881591,54.56189146,37.36308338,41,48,44.18144407,45.54119015,42.04759208,5.385164807,15.03329638,21.09502311,30.14962686,35.17101079,37.16180835,13,21.40093456,23.43074903,33.06055051,31.32091953,28.44292531,28.17800561,30.46309242,26.57066051,33.24154028,31.57530681,26.92582404,34.36568055,27.80287755,
39.8246155,58.66856058,54.12947441,68.59300256,39.05124838,42.48529157,22.8035085,25.3179778,49.64876635,25.29822128,14.31782106,55,49.24428901,58.69412236,67.41661516,48.16637832,38.01315562,31.30495168,12.04159458,39.11521443,61.84658438,69.89277502,79.81227976,67.60177512,76.05918748,54.45181356,40.31128874,46.75467891,63.56099433,34.92849839,29.68164416,29.01723626,49.64876635,60.41522987,57.07889277,8.94427191,50,63.00793601,77.79460136,54.81788029,70.83078427,58.82176468,67.18630813,54.23098745,30,20.39607805,12.16552506,17.4642492,0,46.06517123,44.14748011,32.64965543,48.27007354,64.20280368,72.62231062,73.10950691,61.74139616,51.6139516,46.4865572,35.73513677,44.40720662,20.59126028,21.02379604,12.72792206,56.71860365,43.28972164,87.69264507,57.80138407,37.44329045,33.24154028,51,66.21933252,63.60031446,68.00735254,71.40028011,50.24937811,53.23532662,57.28001397,54.7813837,58.83026432,50.96076922,22.84731932,32.01562119,37.33630941,47.07440918,50.03998401,54.62600113,25.61249695,38.58756276,25.01999201,49.81967483,48.70318265,45.607017,45.61797891,47.92702787,44.01136217,50.69516742,48.76474136,44.27188724,51.41984053,43.93176527,
6.32455532,32.31098884,8.246211251,28.16025568,36.23534186,27.80287755,27.16615541,37.21558813,15.26433752,21.40093456,32.44996148,12.36931688,27.80287755,48.91829923,45.31004304,45.80392996,45.31004304,27.89265136,34.53983208,18.11077028,27.07397274,37.05401463,42.75511665,21.63330765,32.44996148,17.11724277,13.89244399,11.66190379,17.72004515,14.76482306,16.76305461,25.05992817,7.810249676,19.6977156,24.08318916,46.84015371,38.18376618,59.39696962,37.33630941,23.08679276,40.31128874,41.88078318,50.11985634,48.83646179,41.97618372,45.01110974,40.02499219,34.36568055,46.06517123,0,11.18033989,20.39607805,18.86796226,20.59126028,28.8444102,35.51056181,38.07886553,23.70653918,34.71310992,32.69556545,41.88078318,25.49509757,29.73213749,43.8634244,33.54101966,26.07680962,46.5188134,12.04159458,10,13.45362405,23.2594067,31,30.14962686,34.0147027,36.05551275,5.385164807,7.211102551,14.86606875,10.04987562,13.45362405,10.63014581,32,34.4818793,39.39543121,39.8246155,51.86520992,34.66987165,21.58703314,24.18677324,25.61249695,42.52058325,35.35533906,37.01351105,29,31.82766093,32.01562119,34.05877273,38.20994635,34.20526275,41.01219331,16.97056275,
12.04159458,43.32435804,14.31782106,38.47076812,44.04543109,36.87817783,30.08321791,41.78516483,6.32455532,19.10497317,29.83286778,23.02172887,38.07886553,58.82176468,56.30275304,54.45181356,52.15361924,34.13209633,34.05877273,8.062257748,38.20994635,48.16637832,53.33854141,28.01785145,41.23105626,28.28427125,22.8035085,22.47220505,21.9317122,9.219544457,18.97366596,17.80449381,7.211102551,16.2788206,15.65247584,47.04253395,47.80167361,68.8839604,47.29693436,34.20526275,51.4781507,52.35456045,60.8358447,58.13776741,47.42362281,48.05205511,41.0487515,36.49657518,44.14748011,11.18033989,0,26.62705391,29.54657341,30.08321791,37.69615365,46.17358552,49.04079934,34.53983208,44.04543109,40,50.24937811,25,24.59674775,38.94868419,23.02172887,15,55.97320788,20.24845673,16.2788206,12.16552506,12.80624847,42.04759208,41.30375286,45.09988914,47,16,15.5241747,13.41640786,12.80624847,22.13594362,7.211102551,35.73513677,40.81666326,46.61544808,48.83646179,60.20797289,45.17742799,23.76972865,32.52691193,20.1246118,51.73973328,45,46.01086828,38.60051813,41.61730409,41.10960958,44.10215414,47.63402146,43.18564576,50.60632372,26.92582404,
15.23154621,27.20294102,28.0713377,36.23534186,17.69180601,13.15294644,9.899494937,17,32.75667871,17.2626765,23.08679276,24.35159132,18.24828759,35.11409973,38.11823711,28.60069929,25.55386468,7.615773106,20.80865205,28.42534081,29.20616373,37.58989226,47.20169488,38.83297568,44.41846463,22.20360331,8.544003745,15.23154621,37.01351105,21.40093456,9.848857802,27.20294102,27.51363298,39.84971769,42.19004622,30.23243292,24.04163056,43.9089968,45.27692569,22.20360331,39,31.144823,40.19950248,33.12099032,21.58703314,25.49509757,23.02172887,16.64331698,32.64965543,20.39607805,26.62705391,0,15.62049935,33.10589071,41.18252056,40.45985665,31.40063694,19.23538406,19.92485885,13.45362405,24.20743687,15.29705854,26,36.05551275,48.7954916,37.20215048,55.1724569,29.27456234,10.77032961,16.40121947,39.05124838,33.60059523,31.06444913,35.51056181,38.83297568,22.02271555,26,35.17101079,30.41381265,29.61418579,30.08321791,12.64911064,14.31782106,20,23.70653918,33.9705755,25.01999201,9.055385138,8.062257748,24.33105012,26.83281573,21.58703314,21.02379604,16.03121954,19.10497317,16.76305461,22.09072203,23.40939982,18.38477631,26.57066051,11.3137085,
18.43908891,14.14213562,22.8035085,21.09502311,22.02271555,12.04159458,25.49509757,29.54657341,34.13209633,29.83286778,38.01315562,13.60147051,9.219544457,30.41381265,26.92582404,29.15475947,32.01562119,19.23538406,36.40054945,34.92849839,13.60147051,22.47220505,31.6227766,28.28427125,30.08321791,8.062257748,9.219544457,7.211102551,29.15475947,29.15475947,21.84032967,38.05259518,26.40075756,36.87817783,42.80186912,45.45327271,20.24845673,41.23105626,29.83286778,6.708203932,24.51530134,23.02172887,31.30495168,31.06444913,31.78049716,38.91015292,38.28837944,31.89043744,48.27007354,18.86796226,29.54657341,15.62049935,0,20.09975124,27.20294102,24.8394847,19.6468827,5.099019514,17.4642492,20.22374842,25.96150997,29.96664813,39.29376541,50.99019514,52.35456045,43.68065934,39.69886648,20.61552813,16,25,42.05948169,18.02775638,15.65247584,20.1246118,23.32380758,16.2788206,20,31.89043744,26.2488095,19.92485885,29.20616373,27.20294102,23.76972865,26,22.84731932,35.4682957,15.8113883,23.70653918,11.70469991,36.49657518,25.05992817,17.49285568,20.24845673,11.70469991,13.89244399,15.5241747,15.62049935,20.59126028,17.72004515,23.02172887,4.472135955,
25.61249695,25.05992817,16.1245155,9.219544457,42.01190308,32.01562119,42.54409477,49.04079934,31.06444913,41.10960958,51.623638,9.219544457,27.29468813,46.09772229,36.12478374,47.85394446,52.0096145,38.60051813,52.20153254,37.94733192,15,22.47220505,24.08318916,10,12.04159458,12.04159458,24.59674775,17.88854382,14.76482306,35.35533906,34.71310992,45.65084884,23.34523506,27.20294102,36.49657518,63.13477647,38.07886553,57.27128425,17.2626765,17.4642492,26.62705391,37.12142239,42.80186912,48.38388161,51.7880295,58.1893461,55.94640292,49.64876635,64.20280368,20.59126028,30.08321791,33.10589071,20.09975124,0,8.485281374,17.4642492,30.23243292,21.21320344,36.34556369,40.31128874,45.27692569,43.93176527,50,63.78087488,48.25971405,44.72135955,26,10.04987562,26.90724809,33.60059523,39,16.40121947,17.69180601,19.41648784,19.6977156,15.26433752,14.56021978,23.34523506,19,8.062257748,25.07987241,45.69463864,43.73785546,46.04345773,41.59326869,54.12947441,31.01612484,38.60051813,31.57530681,46.04345773,43.17406629,35.6931366,39.3192065,31.06444913,32.38826948,35.05709629,32.984845,38.83297568,37.12142239,40.52159918,22.8035085,
34.05877273,28.63564213,23.40939982,8.544003745,48.50773134,38.63935817,50.7740091,56.64803615,37.85498646,49.57822102,60.10823571,17.69180601,33.06055051,49.72926704,37.58989226,53.08483776,58.42088668,46.23851209,60.6052803,45.69463864,18.24828759,22.20360331,19.6977156,12.16552506,3.605551275,19.31320792,32.75667871,26.07680962,19.02629759,43.56604182,43.18564576,53.85164807,30.6757233,32.06243908,42,71.34423593,43.10452412,60.7289058,11.40175425,23.08679276,26.40075756,40.52159918,44.72135955,52.77309921,58.94064811,65.9241989,64.14047084,57.80138407,72.62231062,28.8444102,37.69615365,41.18252056,27.20294102,8.485281374,0,14.86606875,32.89376841,27.16615541,42.01190308,47.29693436,51.00980298,52.40229003,58.41232747,72.24956747,54.00925847,51.92301994,18.43908891,17.4642492,35.38361203,42.01190308,45.39823785,17.4642492,19.92485885,19.72308292,18.43908891,23.60084744,22.36067977,29.06888371,25.70992026,15.65247584,32.01562119,53.66563146,50.96076922,52.61178575,47.01063709,59.21148537,35.35533906,47.01063709,38.89730068,54.40588203,48.16637832,41.01219331,45.01110974,37.21558813,38.01315562,41.19465985,38.05259518,44.04543109,43.10452412,45.27692569,30.46309242,
38.89730068,18.68154169,33.06055051,8.246211251,42.04759208,33.28663395,50.32891813,53.00943312,48.0416486,53.22593353,62.43396512,23.19482701,26.41968963,38.05259518,24.04163056,43.73785546,51.26402247,43.27817002,61.22091146,53.60037313,11.3137085,8.246211251,7.280109889,25.94224354,14.4222051,19.6977156,33.28663395,27.73084925,31.95309062,49.72926704,45.65084884,59.77457654,40,44.64302857,53.93514624,70.03570518,33.95585369,48.50773134,7,18.38477631,12.08304597,29,31.32091953,42.04759208,53.71219601,62.42595614,62.93647591,56.56854249,73.10950691,35.51056181,46.17358552,40.45985665,24.8394847,17.4642492,14.86606875,0,21,22.02271555,34.17601498,42.19004622,42.72001873,54.3783045,62.64982043,75.29276194,65.62011887,61.13100686,15.65247584,27.16615541,38.48376281,46.81879964,56.14267539,7.211102551,10.29563014,7.071067812,4.123105626,30.2654919,31,40.79215611,36.22154055,25.17935662,42.04759208,51.66236541,46.32493929,46.09772229,38.32753579,49.36598019,25.70992026,48.25971405,35.4682957,59.23681288,38.63935817,32.57299495,37,30.88689042,30.46309242,34.43835072,29.41088234,35.17101079,35.84689666,35.51056181,29.20616373,
38.07886553,5.830951895,40.22437072,24.35159132,24.75883681,19.31320792,39.84971769,38.01315562,53.22593353,48.0416486,54.34151268,29.20616373,13.15294644,17.11724277,7.280109889,23.40939982,32.44996148,30.46309242,50.92150823,54.5710546,15.26433752,13.15294644,24.04163056,40.22437072,33.95585369,22.20360331,28.16025568,26.57066051,43.8634244,48.66210024,40.01249805,57.07889277,45.17742799,54.20332093,61.40032573,56.60388679,14.4222051,27.89265136,28,15.26433752,11.18033989,8,12.72792206,21.09502311,36.76955262,46.86149806,50.11985634,44.28317965,61.74139616,38.07886553,49.04079934,31.40063694,19.6468827,30.23243292,32.89376841,21,0,14.56021978,16.2788206,26.62705391,23.32380758,46.69047012,57.218878,67.18630813,71.58910532,63.3245608,35.6931366,36.12478374,35.35533906,44.28317965,61.32699243,15.5241747,13,14.03566885,17.02938637,34.4818793,37.44329045,49.40647731,43.829214,34.6554469,47.88527958,38.91015292,30.8058436,28.31960452,18.86796226,28.63564213,7.211102551,40.44749683,23.76972865,55.00909016,18.38477631,14.14213562,18.43908891,16.15549442,13.89244399,18.02775638,11.40175425,15.8113883,18.43908891,15.23154621,23.19482701,
23.53720459,9.055385138,26.87005769,19.92485885,21.37755833,11.70469991,28.8444102,31.06444913,38.94868419,34.525353,42.15447782,16.64331698,6.08276253,26.40075756,21.84032967,26.68332813,31.25699922,21.26029163,39.96248241,40.02499219,10.81665383,18.35755975,28.31960452,30.3644529,29.61418579,9.848857802,14.03566885,12.08304597,32.24903099,34.23448554,26.47640459,43.01162634,31.06444913,41.01219331,47.4341649,48.08326112,17.08800749,37.44329045,27.78488798,4.123105626,19.92485885,18.43908891,26.41968963,27.73084925,32.31098884,40.49691346,41.03656906,34.71310992,51.6139516,23.70653918,34.53983208,19.23538406,5.099019514,21.21320344,27.16615541,22.02271555,14.56021978,0,15.13274595,20.61552813,24.08318916,34.17601498,43.93176527,55.15432893,57.24508713,48.76474136,37.44329045,23.85372088,21.02379604,30.01666204,46.95742753,14.86606875,12.04159458,16.40121947,19.84943324,20.61552813,24.04163056,36.06937759,30.41381265,22.82542442,33.83784863,29.69848481,24.59674775,25.49509757,20.39607805,32.984845,11.3137085,27.85677655,13.45362405,41.30375286,22.13594362,14.56021978,18.11077028,10.04987562,11.18033989,14.03566885,12.08304597,17.72004515,16,19.6977156,9.055385138,
32.01562119,15.65247584,39.96248241,34.23448554,8.485281374,7.211102551,26.01922366,21.9544984,49.51767361,37.10795063,41.01219331,31.01612484,9.055385138,15.23154621,21.02379604,11.70469991,17.08800749,16.03121954,36.49657518,47.50789408,24.33105012,27.78488798,38.94868419,45.35416188,44.18144407,24.73863375,21.26029163,23.85372088,46.61544808,40.70626487,29.73213749,47.12748667,42.52058325,53.82378656,58.69412236,40.70626487,4.123105626,24.8394847,40.80441153,19.02629759,27.01851217,12.36931688,21.09502311,14.14213562,20.51828453,30.61045573,34.53983208,29.12043956,46.4865572,34.71310992,44.04543109,19.92485885,17.4642492,36.34556369,42.01190308,34.17601498,16.2788206,15.13274595,0,10.77032961,9,34.13209633,45.39823785,53.33854141,67.00746227,56.43580424,49.76946855,38.07886553,28.01785145,35.77708764,56.85068161,27.20294102,24.04163056,27.31300057,30.87069808,33.28663395,37.21558813,48.82622246,43.26661531,37.33630941,45.3431362,23.76972865,14.76482306,12.20655562,5.385164807,18.02775638,9.219544457,28.44292531,12.08304597,44.14748011,7.810249676,2.236067977,3,5.830951895,4,3.16227766,5,3.605551275,2.236067977,6.708203932,17.80449381,
28.3019434,24.75883681,39.56008089,40.49691346,4.472135955,8.94427191,16.2788206,11.40175425,46.04345773,29.06888371,31.144823,33.01514804,15.8113883,24.08318916,31.78049716,15.65247584,12.64911064,6.708203932,26.07680962,41.77319715,31.30495168,36.87817783,47.80167361,48.01041554,50,28.28427125,18.97366596,24.18677324,47.67598976,34.71310992,22.8035085,39.35733731,40.24922359,52.39274759,55.47071299,30.01666204,14.31782106,31.38470965,48.3011387,24.69817807,36.79673899,23.08679276,31.57530681,20.88061302,11.70469991,20.51828453,23.76972865,18.43908891,35.73513677,32.69556545,40,13.45362405,20.22374842,40.31128874,47.29693436,42.19004622,26.62705391,20.61552813,10.77032961,0,11.18033989,25,36.40054945,43.0464865,62.24146528,50.44799302,57.80138407,39.3192065,23.85372088,29.73213749,52.49761899,34.98571137,31.90611227,35.80502758,39.40812099,32.984845,37.10795063,47.5394573,42.3792402,39.11521443,42.94182111,13.15294644,4.242640687,6.708203932,12.04159458,20.61552813,19.41648784,20.1246118,9.055385138,35.84689666,15.13274595,13,10.04987562,11.40175425,12.80624847,8.602325267,15.26433752,13.15294644,8.544003745,16.03121954,18.02775638,
38.28837944,24.04163056,47.85394446,43.18564576,6.708203932,14.31782106,27.20294102,19.10497317,56.08029957,40.24922359,41.77319715,39.56008089,18.02775638,14.31782106,26.17250466,4.472135955,9.219544457,17.88854382,36.12478374,52.63078947,33.24154028,35.84689666,47.01063709,54.12947441,53.15072906,33.54101966,28.01785145,31.78049716,55.02726597,45.607017,33.83784863,50.53711507,49.64876635,61.40032573,65.4369926,37.36308338,8.94427191,20.24845673,49.47726751,28.01785145,34.4818793,16.97056275,23.70653918,10.04987562,15.23154621,26,32.24903099,28.01785145,44.40720662,41.88078318,50.24937811,24.20743687,25.96150997,45.27692569,51.00980298,42.72001873,23.32380758,24.08318916,9,11.18033989,0,36.05551275,47.4341649,53.08483776,72.86288493,61.40032573,58.1893461,46.4865572,33.9705755,40.60788101,62.93647591,35.90264614,32.75667871,35.73513677,39.2173431,41.14608122,45.18849411,56.43580424,51,45.88027899,52.43090692,23.19482701,13.15294644,7.071067812,4.472135955,10,17.08800749,31.30495168,17.80449381,47.01063709,5.830951895,10.19803903,6,14.31782106,13,10.44030651,13.34166406,7.615773106,8.246211251,8.485281374,25.49509757,
19.23538406,42.44997055,33.61547263,49.04079934,29.41088234,28.01785145,8.94427191,20.51828453,31.06444913,6.32455532,8.062257748,34.71310992,33.54101966,48.83646179,53.33854141,40.49691346,33.83784863,18.43908891,9.219544457,22.13594362,43.41658669,52.39274759,61.40032573,47.01063709,55.90169944,35,21.09502311,27.01851217,43.08131846,16.1245155,9.219544457,15.55634919,29.61418579,41.10960958,39.62322551,22.09072203,38.20994635,56.30275304,58.41232747,36.67424164,54.08326913,46,55.00909016,45.88027899,26.90724809,24.16609195,16.1245155,12.52996409,20.59126028,25.49509757,25,15.29705854,29.96664813,43.93176527,52.40229003,54.3783045,46.69047012,34.17601498,34.13209633,25,36.05551275,0,11.40175425,21.02379604,42.48529157,29.15475947,68.24954212,37.21558813,17.02938637,13.15294644,34.4818793,47.88527958,45.61797891,50.08991915,53.23532662,29.68164416,32.64965543,37.48332963,34.4818793,38.27531842,31.25699922,14.2126704,23.2594067,29.96664813,36.87817783,44.72135955,40.19950248,6.32455532,23.08679276,11.40175425,40.02499219,36.05551275,34.525353,31.06444913,34.0147027,31.06444913,37.01351105,37.33630941,32.24903099,40.44749683,25.49509757,
24.41311123,52.61178575,36.87817783,56.43580424,40.80441153,39.05124838,20.24845673,31.06444913,29.41088234,9.486832981,8.062257748,41.0487515,44.10215414,60.20797289,64.07027392,51.86520992,44.77722635,29.83286778,15,18.43908891,52.20153254,61.68468205,69.85699679,50.99019514,62.00806399,42.95346319,30.08321791,34.92849839,45.80392996,15.8113883,17.4642492,8,31.06444913,40.49691346,36.22154055,26.57066051,49.49747468,67.67569726,65.8634952,45.88027899,63.78871374,57.07889277,66.12110102,57.28001397,37.44329045,32.64965543,23.02172887,22.02271555,21.02379604,29.73213749,24.59674775,26,39.29376541,50,58.41232747,62.64982043,57.218878,43.93176527,45.39823785,36.40054945,47.4341649,11.40175425,0,14.4222051,35.90264614,22.36067977,75.47184906,41.72529209,24.16609195,16.40121947,30.01666204,56.64803615,54.70831747,59.13543777,62.03224968,34.82814953,36.76955262,38.01315562,36.61966685,43.18564576,31.76476035,25.05992817,34.53983208,41.23105626,48.27007354,55.94640292,51.00980298,17.02938637,34.0147027,4.472135955,51.41984053,47.26520919,45.89117562,42.01190308,45.04442252,42.29657197,48.0416486,48.66210024,43.56604182,51.7880295,34.92849839,
38.20994635,63.2455532,51.2249939,69.63476143,47,48.05205511,27.45906044,34.36568055,43.46262762,22.6715681,13,54.67174773,54.12023651,67,73.54590403,57.218878,48.05205511,37.33630941,17,32.31098884,64.41273166,73.40980861,82.36504113,65.29931087,75.82216035,55.75840744,42.05948169,47.70744177,60.21627687,30.23243292,29.68164416,21.54065923,45.48626166,54.62600113,49.47726751,21.40093456,57.218878,72.69112738,79.0569415,57.69748695,75.02666193,65.62011887,74.43117626,63.12685641,40.02499219,31.78049716,22.13594362,25.07987241,12.72792206,43.8634244,38.94868419,36.05551275,50.99019514,63.78087488,72.24956747,75.29276194,67.18630813,55.15432893,53.33854141,43.0464865,53.08483776,21.02379604,14.4222051,0,47,34.23448554,88.81441324,55.90169944,37.20215048,30.41381265,42.95346319,68.8839604,66.64082833,71.11258679,74.24284477,48.7954916,50.99019514,52.35456045,51.03920062,57.28001397,46.14108798,30,40.01249805,46.17358552,55.00909016,60.01666435,60.41522987,27.31300057,43.41658669,18.86796226,58,55.4436651,53.08483776,51.19570294,53.93514624,50.48762225,56.88585061,56.14267539,51.2445119,59.07622195,46.5188134,
35,65.7951366,32.75667871,57.42821606,66.46803743,59.81638571,49.92995093,62.12889827,18.38477631,36.23534186,43.68065934,43.68065934,61.05735009,81.84130986,78.79086241,77.15568676,73.87827827,55.97320788,49.979996,20.80865205,59.48108943,69.12307864,72.33947747,42.10700654,57.07889277,49.979996,45.80392996,45.17742799,35.05709629,27.80287755,39.8246155,28.16025568,26.57066051,22.20360331,12.04159458,62.36184731,70.80254233,91.83136719,65.03076195,56.46237685,72.80109889,75.29276194,83.6480723,81.05553652,68.24221567,66.64082833,57.93962375,55.00909016,56.71860365,33.54101966,23.02172887,48.7954916,52.35456045,48.25971405,54.00925847,65.62011887,71.58910532,57.24508713,67.00746227,62.24146528,72.86288493,42.48529157,35.90264614,47,0,13.60147051,72.1734023,38.47076812,39.05124838,32.64965543,10.29563014,62.8171951,62.64183905,65.96969001,67.26812024,37.33630941,35.17101079,25.01999201,29.42787794,40.44749683,24.04163056,55.75840744,62.48199741,68.68041933,71.70076708,82.73451517,68.09552114,43.829214,55.31726674,32.57299495,74.65252842,68.00735254,68.8839604,61.6116872,64.63745044,64.03124237,67.11929678,70.60453243,66.06814664,73.60027174,49.92995093,
25.29822128,57.72347876,28.63564213,53.33854141,54.81788029,49.24428901,37.01351105,49.2036584,14.31782106,23.02172887,30.08321791,38.01315562,51.623638,71.58910532,70.60453243,65.80273551,61.52235366,43.93176527,36.40054945,8.94427191,53.15072906,63.12685641,68.26419266,41.23105626,55.36244214,43.18564576,35.84689666,36.87817783,34.43835072,15.8113883,27.65863337,14.56021978,21.37755833,24.08318916,16.1245155,48.76474136,60.41522987,80.99382693,61.98386887,48.83646179,66.37017402,65.9241989,74.67261881,70.17834424,55.4436651,53.23532662,44.38468204,41.67733197,43.28972164,26.07680962,15,37.20215048,43.68065934,44.72135955,51.92301994,61.13100686,63.3245608,48.76474136,56.43580424,50.44799302,61.40032573,29.15475947,22.36067977,34.23448554,13.60147051,0,70.34202158,34.71310992,28.63564213,20.80865205,9.433981132,57.03507693,56.22277119,60.07495318,62,31,30.2654919,24.18677324,26.2488095,36.67424164,19.92485885,42.80186912,50.20956084,56.63920903,60.74537019,71.06335202,58.87274412,31.144823,44.41846463,18.97366596,63.81222453,57.70615219,57.98275606,51.42956348,54.56189146,53.33854141,57.27128425,60.03332408,55.22680509,63.13477647,40.49691346,
51.10772936,34.17601498,41.76122604,19.20937271,57.69748695,48.87739764,65.06919394,68.50547423,56.29387178,66.28725368,76.21679605,34.4818793,42.05948169,52.23983155,37,58.94064811,66.85057965,58.6003413,75.69015788,63.90618123,26.62705391,22.56102835,12,30.06659276,15.13274595,33.30165161,47.42362281,41.23105626,37.12142239,61.26989473,59.20304046,71.55417528,49.04079934,50.03998401,60.13318551,85.14693183,49.33558553,62,9.899494937,33.60059523,25.07987241,43.56604182,44.04543109,56.71860365,69.35416354,77.93587107,77.98717843,71.58910532,87.69264507,46.5188134,55.97320788,55.1724569,39.69886648,26,18.43908891,15.65247584,35.6931366,37.44329045,49.76946855,57.80138407,58.1893461,68.24954212,75.47184906,88.81441324,72.1734023,70.34202158,0,35.73513677,51.6139516,59.16924877,63.78871374,22.82542442,25.94224354,22.47220505,18.97366596,41.14608122,40.49691346,47.38143096,44.14748011,33.83784863,50.44799302,66.84309987,61.91122677,61.74139616,53.75872022,64.32728814,41.10960958,62.36986452,50.80354318,71.69379332,53.85164807,48.10405388,52.55473337,46.5295605,46.09772229,50.08991915,44.94441011,50.59644256,51.4781507,50.69516742,43.8634244,
18.02775638,30.41381265,6.08276253,19.02629759,41.97618372,32.28002478,37.64306045,46.17358552,21.02379604,33.42154993,44.40720662,7.211102551,29.52964612,50.21951812,42.80186912,49.76946855,51.7880295,36.01388621,46.06517123,28.23118843,21.9544984,31.01612484,34.0147027,9.848857802,21.02379604,14.2126704,21.02379604,15.13274595,8.544003745,26.40075756,28.17800561,36.61966685,13.34166406,18.35755975,26.92582404,57.93962375,40.70626487,61.29437168,27.29468813,21.26029163,34.92849839,41.86884283,48.83646179,51.4781507,50.009999,54.74486277,50.92150823,44.92215489,57.80138407,12.04159458,20.24845673,29.27456234,20.61552813,10.04987562,17.4642492,27.16615541,36.12478374,23.85372088,38.07886553,39.3192065,46.4865572,37.21558813,41.72529209,55.90169944,38.47076812,34.71310992,35.73513677,0,20.61552813,25.49509757,29.01723626,24.69817807,25.05992817,27.85677655,28.86173938,7.615773106,5,13.92838828,9.055385138,2,15.03329638,41.77319715,42.04759208,45.70557953,43.46262762,56.08029957,35,32.69556545,30.2654919,37.53664876,45.61797891,38.01315562,40.85339643,32.31098884,34.43835072,36.05551275,35.84689666,41.14608122,38.27531842,43.41658669,21.37755833,
4.472135955,30.06659276,18.11077028,32.44996148,27.80287755,20.80865205,17.2626765,27.29468813,22.20360331,14.76482306,24.75883681,17.69180601,23.08679276,43.0464865,42.57933771,38.18376618,36.23534186,18.38477631,25.55386468,19.6977156,28.16025568,37.85498646,45.69463864,30.46309242,38.89730068,18.78829423,7.280109889,10.77032961,27.45906044,13.34166406,7.810249676,22.09072203,16.76305461,29.12043956,31.6227766,37.33630941,31.90611227,52.80151513,41.88078318,22.20360331,40.31128874,37.33630941,46.17358552,42.01190308,32.28002478,35.0142828,30.3644529,24.51530134,37.44329045,10,16.2788206,10.77032961,16,26.90724809,35.38361203,38.48376281,35.35533906,21.02379604,28.01785145,23.85372088,33.9705755,17.02938637,24.16609195,37.20215048,39.05124838,28.63564213,51.6139516,20.61552813,0,9,29,32.57299495,30.8058436,35.17101079,37.94733192,13,16.4924225,24.51530134,20.02498439,21.47091055,19.31320792,22,25.07987241,30.52867504,32.64965543,43.93176527,30.3644529,12.08304597,16.2788206,20.88061302,35.60898763,29.15475947,29.83286778,22.82542442,25.94224354,25,28.63564213,31.6227766,27.01851217,34.66987165,12.16552506,
8.062257748,39.05124838,21.09502311,40.24922359,34.05877273,28.63564213,18.02775638,29.96664813,18.43908891,8.062257748,19.23538406,24.69817807,31.78049716,50.99019514,51.4781507,45,41.23105626,23.34523506,22.36067977,12.04159458,36.87817783,46.69047012,54.08326913,35,45.607017,27.20294102,16.1245155,19.41648784,30.41381265,5,7.211102551,13.15294644,16.4924225,28.01785145,27.51363298,35.22782991,39.81205847,60.20797289,49.64876635,31.144823,49.25444142,45.88027899,54.81788029,49.39635614,35.84689666,35.90264614,29,24.33105012,33.24154028,13.45362405,12.16552506,16.40121947,25,33.60059523,42.01190308,46.81879964,44.28317965,30.01666204,35.77708764,29.73213749,40.60788101,13.15294644,16.40121947,30.41381265,32.64965543,20.80865205,59.16924877,25.49509757,9,0,23.32380758,41.23105626,39.62322551,43.93176527,46.57252409,18.43908891,20.61552813,24.33105012,21.54065923,26.87005769,18.11077028,23.76972865,29.83286778,36.06937759,39.96248241,50.32891813,39.05124838,11.70469991,23.70653918,12.52996409,43.0464865,37.16180835,37.21558813,31.01612484,34.17601498,32.64965543,37,39.35733731,34.4818793,42.48529157,21.09502311,
24.8394847,55.54277631,23.08679276,48.0416486,56.63920903,49.67896939,41.14608122,53.23532662,8.246211251,28.16025568,37.12142239,33.73425559,50.7740091,71.61005516,68.54195795,67.17886572,64.40496875,46.40043103,42.75511665,12.36931688,49.47726751,59.22837158,63.03173804,33.95585369,48.66210024,39.84971769,35.60898763,34.88552709,26.92582404,18.78829423,30.52867504,22.02271555,16.4924225,15.26433752,6.708203932,55.57877293,60.6052803,81.68843247,56.08029957,46.23851209,62.8171951,65,73.35529974,70.9365914,59.16924877,58.52349955,50.44799302,46.81879964,51,23.2594067,12.80624847,39.05124838,42.05948169,39,45.39823785,56.14267539,61.32699243,46.95742753,56.85068161,52.49761899,62.93647591,34.4818793,30.01666204,42.95346319,10.29563014,9.433981132,63.78871374,29.01723626,29,23.32380758,0,52.95280918,52.63078947,56.08921465,57.55866572,27.20294102,25.3179778,16.4924225,20,31.01612484,14.14213562,46.95742753,53.00943312,59.03388857,61.61980201,72.86288493,57.80138407,34.88552709,45.27692569,26.01922366,64.5368112,57.80138407,58.79625838,51.4003891,54.40588203,53.90732789,56.8594759,60.44005295,55.97320788,63.41135545,39.66106403,
33.54101966,12.04159458,30.08321791,8.94427191,34.92849839,26.07680962,43.41658669,45.80392996,44.72135955,47.16990566,55.94640292,19.23538406,19.23538406,32.55764119,20.24845673,37.21558813,44.27188724,36.12478374,54.40588203,49.04079934,4.472135955,6.32455532,13.60147051,26.17250466,18.43908891,14.14213562,26.83281573,21.84032967,31.06444913,44.55333882,39.39543121,54.34151268,36.49657518,42.95346319,51.54609588,62.93647591,27.29468813,43.41658669,13.60147051,11.40175425,10.29563014,23.34523506,27.29468813,36.05551275,46.5295605,55.21775077,55.86591089,49.51767361,66.21933252,31,42.04759208,33.60059523,18.02775638,16.40121947,17.4642492,7.211102551,15.5241747,14.86606875,27.20294102,34.98571137,35.90264614,47.88527958,56.64803615,68.8839604,62.8171951,57.03507693,22.82542442,24.69817807,32.57299495,41.23105626,52.95280918,0,3.16227766,3.16227766,5.385164807,26.07680962,27.65863337,38.62641583,33.52610923,22.84731932,38.83297568,44.55333882,39.11521443,39,31.57530681,43.0464865,19.10497317,41.67733197,28.31960452,53.45091206,32.14031736,25.70992026,30.08321791,23.70653918,23.40939982,27.31300057,22.56102835,28.44292531,28.7923601,29.06888371,22.47220505,
32.14031736,9,30.08321791,11.40175425,31.78049716,23.02172887,40.80441153,42.80186912,44.38468204,45.22167622,53.66563146,18.97366596,16.1245155,29.83286778,18.43908891,34.13209633,41.10960958,33.24154028,51.86520992,48.01041554,3.16227766,7.071067812,16.2788206,27.65863337,21.21320344,13.03840481,24.69817807,20.22374842,32.01562119,43.18564576,37.33630941,52.77309921,36.138622,43.41658669,51.623638,60.10823571,24.18677324,40.80441153,16.76305461,8.94427191,10.19803903,20.61552813,25.23885893,33.13608305,43.41658669,52.20153254,53.07541804,46.75467891,63.60031446,30.14962686,41.30375286,31.06444913,15.65247584,17.69180601,19.92485885,10.29563014,13,12.04159458,24.04163056,31.90611227,32.75667871,45.61797891,54.70831747,66.64082833,62.64183905,56.22277119,25.94224354,25.05992817,30.8058436,39.62322551,52.63078947,3.16227766,0,4.472135955,7.810249676,25.49509757,27.51363298,38.91015292,33.61547263,23.32380758,38.60051813,41.72529209,36.05551275,35.84689666,28.44292531,40.01249805,16.03121954,39.35733731,25.45584412,51.66236541,29.06888371,22.56102835,26.92582404,20.59126028,20.24845673,24.16609195,19.41648784,25.3179778,25.63201124,26.01922366,20.1246118,
36.34556369,11.70469991,33.24154028,11.40175425,35.35533906,27.01851217,45.22167622,46.86149806,47.85394446,49.64876635,58.13776741,22.36067977,20,31.144823,17.88854382,36.67424164,44.38468204,37.48332963,56.30275304,52.0096145,7.071067812,3.16227766,12.04159458,29.06888371,20.24845673,17.02938637,29.15475947,24.51530134,34.13209633,47.38143096,41.78516483,57.07013229,39.62322551,46.09772229,54.70831747,64.38167441,26.92582404,41.77319715,14.03566885,13.41640786,7.211102551,22.02271555,25.07987241,35.0142828,47.16990566,56.22277119,57.38466694,51.0881591,68.00735254,34.0147027,45.09988914,35.51056181,20.1246118,19.41648784,19.72308292,7.071067812,14.03566885,16.40121947,27.31300057,35.80502758,35.73513677,50.08991915,59.13543777,71.11258679,65.96969001,60.07495318,22.47220505,27.85677655,35.17101079,43.93176527,56.08921465,3.16227766,4.472135955,0,3.605551275,29.15475947,30.8058436,41.78516483,36.68787266,26,41.97618372,46.01086828,40,39.35733731,31.32091953,42.29657197,18.68154169,43.829214,29.73213749,56.04462508,31.57530681,25.63201124,30.08321791,24.41311123,23.70653918,27.78488798,22.47220505,28.16025568,29.06888371,28.44292531,24.59674775,
38.83297568,15.23154621,34.525353,10.81665383,38.94868419,30.61045573,48.60041152,50.44799302,49.36598019,52.55473337,61.29437168,24.0208243,23.60084744,34.0147027,19.92485885,40.02499219,47.92702787,41.01219331,59.6405902,54.14794548,9.848857802,4.123105626,8.485281374,28.8444102,18.35755975,19.41648784,32.20248438,27.20294102,34.43835072,49.81967483,44.77722635,59.66573556,41.19465985,46.81879964,55.78530272,67.89698079,30.3644529,44.40720662,11.04536102,16.64331698,8.062257748,25.01999201,27.20294102,38.11823711,50.7740091,59.81638571,60.87692502,54.56189146,71.40028011,36.05551275,47,38.83297568,23.32380758,19.6977156,18.43908891,4.123105626,17.02938637,19.84943324,30.87069808,39.40812099,39.2173431,53.23532662,62.03224968,74.24284477,67.26812024,62,18.97366596,28.86173938,37.94733192,46.57252409,57.55866572,5.385164807,7.810249676,3.605551275,0,31,32.24903099,42.72001873,37.85498646,26.92582404,43.41658669,49.51767361,43.60045871,42.94182111,34.78505426,45.54119015,22.13594362,47.01063709,33.24154028,58.82176468,34.92849839,29.15475947,33.61547263,28.01785145,27.29468813,31.38470965,26,31.6227766,32.64965543,31.78049716,27.78488798,
10.63014581,28.65309756,6.708203932,22.8035085,36.05551275,26.83281573,30.08321791,39.01281841,18.97366596,26.17250466,37.01351105,7.071067812,25.49509757,46.69047012,41.59326869,44.77722635,45.607017,29.06888371,38.47076812,23.34523506,22.36067977,32.24903099,37.48332963,17.4642492,27.20294102,12.64911064,14.14213562,9.433981132,15,20.1246118,20.59126028,30.41381265,10.77032961,20.61552813,26.92582404,50.32891813,36.40054945,57.48912941,31.95309062,19.23538406,35.6931366,39.05124838,46.87216658,47.20169488,43.18564576,47.38143096,43.32435804,37.36308338,50.24937811,5.385164807,16,22.02271555,16.2788206,15.26433752,23.60084744,30.2654919,34.4818793,20.61552813,33.28663395,32.984845,41.14608122,29.68164416,34.82814953,48.7954916,37.33630941,31,41.14608122,7.615773106,13,18.43908891,27.20294102,26.07680962,25.49509757,29.15475947,31,0,4.123105626,15.62049935,10,8.602325267,13.41640786,34.36568055,35.35533906,39.56008089,38.58756276,51,31.89043744,25.07987241,24.04163056,30.8058436,41.0487515,33.60059523,35.84689666,27.45906044,30,30.88689042,31.89043744,36.61966685,33.12099032,39.20459157,15.65247584,
13.41640786,31.6227766,2.828427125,23.08679276,40.16217126,30.87069808,33.73425559,43,17.11724277,28.60069929,39.66106403,8.544003745,29.20616373,50.32891813,44.41846463,48.76474136,49.72926704,33.13608305,41.62931659,23.40939982,24.35159132,33.95585369,38.05259518,14.4222051,25.94224354,15.26433752,18.24828759,13.41640786,11.04536102,21.40093456,23.76972865,31.6227766,9,16.97056275,24.16609195,53.75872022,40.22437072,61.22091146,31.78049716,22.20360331,37.64306045,42.44997055,50,51.03920062,47.26520919,51.2445119,46.84015371,41,53.23532662,7.211102551,15.5241747,26,20,14.56021978,22.36067977,31,37.44329045,24.04163056,37.21558813,37.10795063,45.18849411,32.64965543,36.76955262,50.99019514,35.17101079,30.2654919,40.49691346,5,16.4924225,20.61552813,25.3179778,27.65863337,27.51363298,30.8058436,32.24903099,4.123105626,0,12.04159458,6.403124237,6.708203932,11.18033989,38.20994635,39.45883931,43.68065934,42.54409477,55.00909016,35.35533906,28.46049894,28.16025568,32.55764119,44.94441011,37.44329045,39.8246155,31.38470965,33.83784863,34.88552709,35.60898763,40.49691346,37.12142239,43.01162634,19.6977156,
20.22374842,43.60045871,9.219544457,32.55764119,50.99019514,42.19004622,41.0487515,51.7880295,10,32.01562119,43.01162634,20.24845673,41.10960958,62.28964601,56.30275304,60.20797289,60.16643583,42.72001873,46.69047012,20.61552813,35.77708764,44.94441011,47.38143096,17.4642492,32.24903099,27.20294102,28.63564213,25,10.44030651,22.47220505,30,31.06444913,8,5,13.15294644,59.53990259,52.0096145,73.10950691,40.01249805,34.20526275,48.84669897,54.4885309,62.00806399,62.80127387,56.75385449,59.13543777,53.15072906,48,57.28001397,14.86606875,13.41640786,35.17101079,31.89043744,23.34523506,29.06888371,40.79215611,49.40647731,36.06937759,48.82622246,47.5394573,56.43580424,37.48332963,38.01315562,52.35456045,25.01999201,24.18677324,47.38143096,13.92838828,24.51530134,24.33105012,16.4924225,38.62641583,38.91015292,41.78516483,42.72001873,15.62049935,12.04159458,0,5.656854249,15.8113883,6.32455532,46.27094121,49.33558553,54.23098745,54.08326913,66.37017402,47.38143096,35,38.91015292,33.54101966,56.61271942,49.2036584,51.31276644,43.01162634,45.607017,46.32493929,47.50789408,52.20153254,48.54894438,54.81788029,31.06444913,
16.03121954,38.01315562,3.605551275,28.0713377,45.69463864,36.7151195,37.05401463,47.26520919,12.16552506,29.54657341,40.71854614,14.76482306,35.4682957,56.63920903,50.7740091,54.70831747,55.02726597,37.85498646,43.68065934,20.80865205,30.46309242,39.84971769,43.0464865,15.26433752,29.12043956,21.63330765,23.40939982,19.41648784,9.219544457,20.80865205,26.30589288,30.41381265,5.656854249,10.63014581,18.02775638,56.29387178,46.40043103,67.47592163,36.12478374,28.60069929,43.65775991,48.83646179,56.40035461,57.20139858,51.97114584,55,49.64876635,44.18144407,54.7813837,10.04987562,12.80624847,30.41381265,26.2488095,19,25.70992026,36.22154055,43.829214,30.41381265,43.26661531,42.3792402,51,34.4818793,36.61966685,51.03920062,29.42787794,26.2488095,44.14748011,9.055385138,20.02498439,21.54065923,20,33.52610923,33.61547263,36.68787266,37.85498646,10,6.403124237,5.656854249,0,11.04536102,6.32455532,42.01190308,44.38468204,49.04079934,48.54894438,60.90155991,41.72529209,31.25699922,33.61547263,32.20248438,51.03920062,43.60045871,45.79301257,37.44329045,40,40.81666326,41.86884283,46.61544808,43.0464865,49.2036584,25.55386468,
19.20937271,29,8.062257748,17.02938637,41.59326869,31.78049716,38.27531842,46.38965402,23.02172887,34.71310992,45.607017,6.32455532,28.63564213,49.09175083,41.23105626,49.04079934,51.4781507,36.12478374,47.01063709,30.08321791,20.24845673,29.15475947,32.01562119,9.219544457,19.23538406,13.03840481,21.21320344,15,9.433981132,28.01785145,29.15475947,38.27531842,15.29705854,20.1246118,28.86173938,58.69412236,39.81205847,60.20797289,25.3179778,20,33.10589071,40.60788101,47.38143096,50.53711507,50.009999,55.10898293,51.623638,45.54119015,58.83026432,13.45362405,22.13594362,29.61418579,19.92485885,8.062257748,15.65247584,25.17935662,34.6554469,22.82542442,37.33630941,39.11521443,45.88027899,38.27531842,43.18564576,57.28001397,40.44749683,36.67424164,33.83784863,2,21.47091055,26.87005769,31.01612484,22.84731932,23.32380758,26,26.92582404,8.602325267,6.708203932,15.8113883,11.04536102,0,17.02938637,42.20189569,42,45.39823785,42.72001873,55.36244214,33.83784863,33.54101966,30.06659276,39.05124838,44.77722635,37.16180835,40.16217126,31.6227766,33.61547263,35.44009029,34.88552709,40.31128874,37.64306045,42.48529157,21.09502311,
14.86606875,42.05948169,9,34,46.64761516,38.41874542,35.22782991,46.32493929,6,25.70992026,36.68787266,19.6468827,38.28837944,59.46427499,55.00909016,56.40035461,55.4616985,37.69615365,40.44749683,14.86606875,35.44009029,45.12205669,49,21.47091055,35.44009029,26,24.41311123,22.02271555,15,16.15549442,24.08318916,25,2.828427125,10.04987562,13.60147051,53.33854141,48.7954916,70.00714249,42.29657197,32.64965543,48.76474136,52.20153254,60.20797289,59.46427499,51.54609588,53.33854141,47.04253395,42.04759208,50.96076922,10.63014581,7.211102551,30.08321791,29.20616373,25.07987241,32.01562119,42.04759208,47.88527958,33.83784863,45.3431362,42.94182111,52.43090692,31.25699922,31.76476035,46.14108798,24.04163056,19.92485885,50.44799302,15.03329638,19.31320792,18.11077028,14.14213562,38.83297568,38.60051813,41.97618372,43.41658669,13.41640786,11.18033989,6.32455532,6.32455532,17.02938637,0,40.60788101,44.38468204,49.64876635,50.44799302,62.42595614,45,29.06888371,34.66987165,27.29468813,53.15072906,45.96737974,47.63402146,39.62322551,42.42640687,42.63801121,44.59820624,48.83646179,44.82186966,51.623638,27.58622845,
26.07680962,36.05551275,40.04996879,48.25971405,17,19.72308292,5.830951895,6.403124237,42.05948169,19.84943324,18.68154169,37,26.62705391,37,44.59820624,27.45906044,19.72308292,8.602325267,13,34.98571137,40.36087214,47.63402146,58,51.41984053,56.82429058,34.4818793,21.1896201,27.85677655,49.25444142,28.17800561,16.76305461,29.73213749,38.32753579,50.6359556,51.26402247,18.38477631,27.45906044,43.17406629,57.00877125,33.30165161,48.25971405,36.138622,44.72135955,33.24154028,12.72792206,13.03840481,11.40175425,5.385164807,22.84731932,32,35.73513677,12.64911064,27.20294102,45.69463864,53.66563146,51.66236541,38.91015292,29.69848481,23.76972865,13.15294644,23.19482701,14.2126704,25.05992817,30,55.75840744,42.80186912,66.84309987,41.77319715,22,23.76972865,46.95742753,44.55333882,41.72529209,46.01086828,49.51767361,34.36568055,38.20994635,46.27094121,42.01190308,42.20189569,40.60788101,0,10.04987562,16.4924225,25.01999201,31.01612484,31.78049716,12.08304597,16.2788206,25.61249695,28,25.96150997,23.19482701,22.82542442,25.07987241,21.1896201,27.85677655,26.30589288,21.58703314,29.15475947,23.32380758,
29.54657341,29,41.77319715,44.38468204,7.071067812,13.03840481,14.31782106,7.211102551,47.01063709,28.01785145,28.63564213,36.05551275,20,27.01851217,35.77708764,17.4642492,11.40175425,6.708203932,23.02172887,41.77319715,35.35533906,41.10960958,52.0096145,51.03920062,53.75872022,31.78049716,21.21320344,27,50.24937811,34.71310992,22.6715681,38.27531842,41.78516483,54.08326913,56.43580424,25.94224354,18.02775638,33.24154028,52.35456045,28.63564213,41.03656906,26.92582404,35.17101079,23.19482701,8.062257748,16.2788206,19.92485885,15.03329638,32.01562119,34.4818793,40.81666326,14.31782106,23.76972865,43.73785546,50.96076922,46.32493929,30.8058436,24.59674775,14.76482306,4.242640687,13.15294644,23.2594067,34.53983208,40.01249805,62.48199741,50.20956084,61.91122677,42.04759208,25.07987241,29.83286778,53.00943312,39.11521443,36.05551275,40,43.60045871,35.35533906,39.45883931,49.33558553,44.38468204,42,44.38468204,10.04987562,0,6.708203932,15.13274595,21.47091055,23.60084744,19.20937271,12.16552506,34.4818793,18.02775638,17,13.60147051,15.62049935,17.02938637,12.80624847,19.41648784,16.76305461,12.52996409,19.41648784,21.09502311,
34.98571137,27.78488798,46.17358552,45.35416188,4.123105626,14.03566885,21.02379604,12.04159458,52.69724851,34.66987165,35.17101079,39.20459157,19.92485885,21.37755833,32.20248438,11.04536102,6.08276253,12.72792206,29.27456234,48.08326112,35.73513677,39.96248241,51.10772936,54.14794548,55.10898293,34.0147027,25.63201124,30.59411708,54.12947441,41.01219331,29,44.94441011,46.95742753,59.09314681,62.12889827,30.3644529,14.2126704,26.68332813,52.55473337,29.61418579,39.20459157,23.02172887,30.46309242,17,8.602325267,19.23538406,25.17935662,21.09502311,37.33630941,39.39543121,46.61544808,20,26,46.04345773,52.61178575,46.09772229,28.31960452,25.49509757,12.20655562,6.708203932,7.071067812,29.96664813,41.23105626,46.17358552,68.68041933,56.63920903,61.74139616,45.70557953,30.52867504,36.06937759,59.03388857,39,35.84689666,39.35733731,42.94182111,39.56008089,43.68065934,54.23098745,49.04079934,45.39823785,49.64876635,16.4924225,6.708203932,0,10.29563014,14.76482306,21.40093456,25.8069758,15.5241747,41.18252056,12.64911064,14.2126704,9.899494937,15.5241747,15.65247584,11.70469991,17.20465053,12.80624847,10.29563014,14.76482306,24.33105012,
36.79673899,19.6468827,45.27692569,39.05124838,8.062257748,12.04159458,28.28427125,21.84032967,54.45181356,40.49691346,43.18564576,36.40054945,14.31782106,12.04159458,22.02271555,6.32455532,13.60147051,18.43908891,38.01315562,51.86520992,29.06888371,31.38470965,42.54409477,50.69516742,49.04079934,30.08321791,26.17250466,29.15475947,52,44.94441011,33.54101966,50.69516742,47.63402146,59.07622195,63.70243323,40.49691346,4.472135955,20.24845673,45.12205669,24.18677324,30.01666204,12.80624847,20.24845673,9.433981132,18.86796226,29.52964612,34.92849839,30.14962686,47.07440918,39.8246155,48.83646179,23.70653918,22.84731932,41.59326869,47.01063709,38.32753579,18.86796226,20.39607805,5.385164807,12.04159458,4.472135955,36.87817783,48.27007354,55.00909016,71.70076708,60.74537019,53.75872022,43.46262762,32.64965543,39.96248241,61.61980201,31.57530681,28.44292531,31.32091953,34.78505426,38.58756276,42.54409477,54.08326913,48.54894438,42.72001873,50.44799302,25.01999201,15.13274595,10.29563014,0,12.64911064,12.64911064,31.6227766,16.40121947,47.4341649,3.16227766,6,2.828427125,11.18033989,9.219544457,7.810249676,9.055385138,3.16227766,5.656854249,4.472135955,23.02172887,
48.27007354,31.01612484,57.70615219,51.03920062,16.2788206,24.18677324,35.77708764,25.70992026,66.06814664,49.39635614,49.64876635,49.04079934,26.92582404,13.60147051,29.06888371,6.32455532,12.04159458,27.20294102,43.41658669,62.36986452,41.0487515,41.77319715,52.63078947,63.3245608,61.03277808,42.72001873,38.01315562,41.59326869,64.62197769,55.31726674,43.41658669,59.68249325,59.6405902,71.34423593,75.43208866,42.04759208,16.1245155,13.03840481,56.32051136,36.67424164,39.56008089,20.88061302,24.20743687,8.062257748,20.09975124,30.06659276,38.20994635,35.17101079,50.03998401,51.86520992,60.20797289,33.9705755,35.4682957,54.12947441,59.21148537,49.36598019,28.63564213,32.984845,18.02775638,20.61552813,10,44.72135955,55.94640292,60.01666435,82.73451517,71.06335202,64.32728814,56.08029957,43.93176527,50.32891813,72.86288493,43.0464865,40.01249805,42.29657197,45.54119015,51,55.00909016,66.37017402,60.90155991,55.36244214,62.42595614,31.01612484,21.47091055,14.76482306,12.64911064,0,24,40.49691346,27.80287755,55.94640292,11.04536102,18.43908891,15.23154621,23.76972865,21.84032967,20.1246118,21.21320344,15.29705854,17.88854382,14,35.35533906,
33.61547263,7.071067812,38.18376618,27.07397274,17.69180601,12.36931688,32.984845,30.8058436,49.92995093,42.04759208,47.67598976,27.80287755,7.280109889,15.26433752,13.15294644,18.11077028,25.94224354,23.40939982,43.96589587,49.979996,17.11724277,18.78829423,29.96664813,40.71854614,37.05401463,20.80865205,23.08679276,23.02172887,43.26661531,43.68065934,34.13209633,51.4781507,42.20189569,52.32590181,58.6003413,49.39635614,8.246211251,26.41968963,32.55764119,13.89244399,17.80449381,7.211102551,15.8113883,17.4642492,29.73213749,39.69886648,42.94182111,37.16180835,54.62600113,34.66987165,45.17742799,25.01999201,15.8113883,31.01612484,35.35533906,25.70992026,7.211102551,11.3137085,9.219544457,19.41648784,17.08800749,40.19950248,51.00980298,60.41522987,68.09552114,58.87274412,41.10960958,35,30.3644529,39.05124838,57.80138407,19.10497317,16.03121954,18.68154169,22.13594362,31.89043744,35.35533906,47.38143096,41.72529209,33.83784863,45,31.78049716,23.60084744,21.40093456,12.64911064,24,0,34.05877273,17.11724277,49.09175083,13.03840481,7.211102551,11.66190379,9.219544457,6.708203932,10.81665383,4.242640687,9.486832981,11.3137085,10,18.38477631,
15.29705854,36.138622,29.83286778,43.18564576,24.59674775,22.02271555,6.32455532,18.35755975,30.08321791,8.94427191,14.31782106,29.41088234,27.29468813,43.41658669,47.16990566,35.77708764,30.41381265,13.41640786,13.60147051,23.02172887,37.21558813,46.09772229,55.22680509,42.54409477,50.44799302,29.06888371,15,21.21320344,39.29376541,16.1245155,5,19.23538406,27,39.11521443,39.2173431,25.29822128,32.55764119,51.4781507,52.49761899,30.41381265,47.75981575,40.04996879,49.09175083,40.85339643,24.41311123,24.33105012,18.43908891,13,25.61249695,21.58703314,23.76972865,9.055385138,23.70653918,38.60051813,47.01063709,48.25971405,40.44749683,27.85677655,28.44292531,20.1246118,31.30495168,6.32455532,17.02938637,27.31300057,43.829214,31.144823,62.36986452,32.69556545,12.08304597,11.70469991,34.88552709,41.67733197,39.35733731,43.829214,47.01063709,25.07987241,28.46049894,35,31.25699922,33.54101966,29.06888371,12.08304597,19.20937271,25.8069758,31.6227766,40.49691346,34.05877273,0,17,15.8113883,34.78505426,30.2654919,29.12043956,25,28.01785145,25.3179778,31.01612484,31.78049716,26.68332813,34.92849839,19.23538406,
20.51828453,20.1246118,30.6757233,32.64965543,12.08304597,5.099019514,16.15549442,17.88854382,38.28837944,25.3179778,30.59411708,24,10.77032961,27.31300057,30.2654919,21.9317122,21.58703314,7.810249676,27.31300057,35.51056181,24.20743687,31.40063694,41.72529209,39,41.78516483,19.6468827,10.29563014,15.13274595,38.63935817,28.65309756,17.72004515,35.17101079,31.90611227,43.829214,47.63402146,34.6554469,16.15549442,36.61966685,41.0487515,17.20465053,32.24903099,23.08679276,32.14031736,25.8069758,20.22374842,27.29468813,27.65863337,21.40093456,38.58756276,24.18677324,32.52691193,8.062257748,11.70469991,31.57530681,38.89730068,35.4682957,23.76972865,13.45362405,12.08304597,9.055385138,17.80449381,23.08679276,34.0147027,43.41658669,55.31726674,44.41846463,50.80354318,30.2654919,16.2788206,23.70653918,45.27692569,28.31960452,25.45584412,29.73213749,33.24154028,24.04163056,28.16025568,38.91015292,33.61547263,30.06659276,34.66987165,16.2788206,12.16552506,15.5241747,16.40121947,27.80287755,17.11724277,17,0,32.38826948,19.41648784,13.60147051,13.60147051,8,11.04536102,8.94427191,14.03566885,15.65247584,10.81665383,18.78829423,9,
20.59126028,50.15974482,32.55764119,52.77309921,40.31128874,37.48332963,20.24845673,31.89043744,25,7.071067812,11.18033989,37.21558813,42.01190308,59.20304046,62.00806399,51.4781507,45.22167622,29.15475947,17.4642492,14.14213562,49.04079934,58.69412236,66.48308055,46.69047012,58.00862005,39.56008089,27.29468813,31.6227766,41.40048309,11.40175425,15,4.472135955,26.62705391,36.05551275,32.06243908,29.83286778,48.27007354,67.23094526,62.17716623,42.95346319,61,55.4436651,64.49806199,56.64803615,38.28837944,34.66987165,25.49509757,23.43074903,25.01999201,25.61249695,20.1246118,24.33105012,36.49657518,46.04345773,54.40588203,59.23681288,55.00909016,41.30375286,44.14748011,35.84689666,47.01063709,11.40175425,4.472135955,18.86796226,32.57299495,18.97366596,71.69379332,37.53664876,20.88061302,12.52996409,26.01922366,53.45091206,51.66236541,56.04462508,58.82176468,30.8058436,32.55764119,33.54101966,32.20248438,39.05124838,27.29468813,25.61249695,34.4818793,41.18252056,47.4341649,55.94640292,49.09175083,15.8113883,32.38826948,0,50.59644256,45.89117562,44.92215489,40.31128874,43.41658669,41,46.38965402,47.5394573,42.44997055,50.69516742,32.24903099,
39.69886648,20.09975124,47.70744177,40.01249805,11,14.86606875,31.40063694,24.51530134,57.28001397,43.65775991,46.27094121,38.48376281,16.15549442,9,20.51828453,5.099019514,14.86606875,21.58703314,41,54.91812087,30.01666204,31.32091953,42.3792402,52.49761899,50.009999,31.95309062,29,31.6227766,54.12947441,48.02082881,36.67424164,53.85164807,50.32891813,61.6116872,66.48308055,43.01162634,5.099019514,17.20465053,45.54119015,25.70992026,29.54657341,11.40175425,17.88854382,6.403124237,21.02379604,31.78049716,37.65634077,33.06055051,49.81967483,42.52058325,51.73973328,26.83281573,25.05992817,43.17406629,48.16637832,38.63935817,18.38477631,22.13594362,7.810249676,15.13274595,5.830951895,40.02499219,51.41984053,58,74.65252842,63.81222453,53.85164807,45.61797891,35.60898763,43.0464865,64.5368112,32.14031736,29.06888371,31.57530681,34.92849839,41.0487515,44.94441011,56.61271942,51.03920062,44.77722635,53.15072906,28,18.02775638,12.64911064,3.16227766,11.04536102,13.03840481,34.78505426,19.41648784,50.59644256,0,7.615773106,5.830951895,13.60147051,11.18033989,10.63014581,10.19803903,4.472135955,8.602325267,3.16227766,25.61249695,
33.01514804,13.92838828,40.22437072,33.06055051,10.63014581,8.544003745,28.0713377,24.18677324,50.32891813,38.83297568,43.0464865,30.87069808,8.544003745,13.89244399,18.78829423,12.16552506,18.78829423,18.11077028,38.63935817,48.76474136,23.08679276,25.94224354,37.12142239,44.92215489,43.0464865,24.35159132,22.20360331,24.20743687,46.5188134,42.04759208,31.32091953,48.76474136,43.13930922,54.20332093,59.41380311,42.94182111,2.828427125,24.04163056,39.29376541,18.24828759,25,10.19803903,19.02629759,13.60147051,22.627417,32.80243893,36.76955262,31.32091953,48.70318265,35.35533906,45,21.58703314,17.49285568,35.6931366,41.01219331,32.57299495,14.14213562,14.56021978,2.236067977,13,10.19803903,36.05551275,47.26520919,55.4436651,68.00735254,57.70615219,48.10405388,38.01315562,29.15475947,37.16180835,57.80138407,25.70992026,22.56102835,25.63201124,29.15475947,33.60059523,37.44329045,49.2036584,43.60045871,37.16180835,45.96737974,25.96150997,17,14.2126704,6,18.43908891,7.211102551,30.2654919,13.60147051,45.89117562,7.615773106,0,4.472135955,6.403124237,3.605551275,5,3.16227766,3.16227766,4.472135955,5.656854249,18.38477631,
33.9705755,18.38477631,42.54409477,37.21558813,6.708203932,9.219544457,26.07680962,20.61552813,51.623638,37.94733192,41.0487515,33.83784863,12.04159458,14.31782106,22.47220505,8.94427191,14.31782106,16.1245155,36.12478374,49.09175083,27.29468813,30.41381265,41.59326869,48.27007354,47.16990566,27.65863337,23.34523506,26.41968963,49.39635614,42.19004622,30.87069808,48.10405388,44.82186966,56.30275304,60.87692502,39.39543121,4.472135955,23.02172887,43.68065934,22.02271555,29.41088234,13.41640786,21.58703314,12.20655562,18.43908891,28.8444102,33.52610923,28.44292531,45.607017,37.01351105,46.01086828,21.02379604,20.24845673,39.3192065,45.01110974,37,18.43908891,18.11077028,3,10.04987562,6,34.525353,45.89117562,53.08483776,68.8839604,57.98275606,52.55473337,40.85339643,29.83286778,37.21558813,58.79625838,30.08321791,26.92582404,30.08321791,33.61547263,35.84689666,39.8246155,51.31276644,45.79301257,40.16217126,47.63402146,23.19482701,13.60147051,9.899494937,2.828427125,15.23154621,11.66190379,29.12043956,13.60147051,44.92215489,5.830951895,4.472135955,0,8.544003745,7,5,7.615773106,3.16227766,2.828427125,6,20.24845673,
26.62705391,13.45362405,34.13209633,29.83286778,11.40175425,3.16227766,23.76972865,22.627417,43.93176527,33.24154028,38.47076812,25.29822128,4.472135955,20.24845673,22.36067977,17.4642492,21.21320344,14.31782106,34.78505426,42.48529157,20.24845673,25.49509757,36.40054945,39.81205847,39.62322551,19.23538406,15.8113883,18.02775638,40.85339643,35.84689666,25.49509757,42.95346319,36.79673899,48.01041554,53.03772242,40.80441153,9.219544457,30.41381265,37.16180835,14.14213562,25.61249695,15.13274595,24.18677324,19.84943324,22.82542442,31.89043744,34.13209633,28.17800561,45.61797891,29,38.60051813,16.03121954,11.70469991,31.06444913,37.21558813,30.88689042,16.15549442,10.04987562,5.830951895,11.40175425,14.31782106,31.06444913,42.01190308,51.19570294,61.6116872,51.42956348,46.5295605,32.31098884,22.82542442,31.01612484,51.4003891,23.70653918,20.59126028,24.41311123,28.01785145,27.45906044,31.38470965,43.01162634,37.44329045,31.6227766,39.62322551,22.82542442,15.62049935,15.5241747,11.18033989,23.76972865,9.219544457,25,8,40.31128874,13.60147051,6.403124237,8.544003745,0,3.16227766,4,6.08276253,9.219544457,6.08276253,12.04159458,12.04159458,
29.68164416,12.20655562,36.61966685,30.2654919,11.66190379,6,26.47640459,24.20743687,46.86149806,36.34556369,41.30375286,27.31300057,5.099019514,17.20465053,19.6468827,15.5241747,20.88061302,16.76305461,37.36308338,45.61797891,20.39607805,24.41311123,35.51056181,41.48493703,40.19950248,20.88061302,18.86796226,20.61552813,42.95346319,39,28.63564213,46.09772229,39.59797975,50.60632372,55.90169944,42.72001873,6.403124237,27.58622845,37,15.03329638,24.04163056,12.04159458,21.09502311,17.20465053,23.60084744,33.24154028,36.23534186,30.46309242,47.92702787,31.82766093,41.61730409,19.10497317,13.89244399,32.38826948,38.01315562,30.46309242,13.89244399,11.18033989,4,12.80624847,13,34.0147027,45.04442252,53.93514624,64.63745044,54.56189146,46.09772229,34.43835072,25.94224354,34.17601498,54.40588203,23.40939982,20.24845673,23.70653918,27.29468813,30,33.83784863,45.607017,40,33.61547263,42.42640687,25.07987241,17.02938637,15.65247584,9.219544457,21.84032967,6.708203932,28.01785145,11.04536102,43.41658669,11.18033989,3.605551275,7,3.16227766,0,4.242640687,3,6.708203932,5.385164807,9.219544457,14.86606875,
29.06888371,16.40121947,37.58989226,33.73425559,7.615773106,4.242640687,23.08679276,20,46.66904756,33.95585369,38.05259518,29.12043956,8.246211251,18.38477631,23.40939982,13.89244399,17.2626765,13.15294644,33.73425559,44.41846463,24.04163056,28.60069929,39.66106403,43.73785546,43.56604182,23.19482701,18.38477631,21.47091055,44.59820624,37.58989226,26.57066051,43.96589587,39.8246155,51.31276644,55.90169944,38.58756276,7.280109889,27.80287755,40.85339643,18.11077028,28.28427125,15.13274595,24.0208243,17.02938637,19.41648784,29,32.20248438,26.57066051,44.01136217,32.01562119,41.10960958,16.76305461,15.5241747,35.05709629,41.19465985,34.43835072,18.02775638,14.03566885,3.16227766,8.602325267,10.44030651,31.06444913,42.29657197,50.48762225,64.03124237,53.33854141,50.08991915,36.05551275,25,32.64965543,53.90732789,27.31300057,24.16609195,27.78488798,31.38470965,30.88689042,34.88552709,46.32493929,40.81666326,35.44009029,42.63801121,21.1896201,12.80624847,11.70469991,7.810249676,20.1246118,10.81665383,25.3179778,8.94427191,41,10.63014581,5,5,4,4.242640687,0,6.708203932,6.708203932,2.236067977,9.848857802,15.26433752,
32.24903099,10.77032961,38.41874542,30.01666204,13.45362405,9,29.42787794,26.62705391,49.2036584,39.3192065,44.28317965,28.65309756,6.403124237,14.86606875,16.76305461,15.03329638,21.9317122,19.6468827,40.26164428,48.33218389,20.02498439,22.82542442,34,42.3792402,40.01249805,21.9317122,21.47091055,22.627417,44.29446918,41.78516483,31.57530681,49.03060269,41.77319715,52.49761899,58.13776741,45.27692569,5.099019514,25.61249695,36.138622,15.5241747,22.02271555,9.055385138,18.11077028,15.65247584,25.49509757,35.4682957,38.91015292,33.24154028,50.69516742,34.05877273,44.10215414,22.09072203,15.62049935,32.984845,38.05259518,29.41088234,11.40175425,12.08304597,5,15.26433752,13.34166406,37.01351105,48.0416486,56.88585061,67.11929678,57.27128425,44.94441011,35.84689666,28.63564213,37,56.8594759,22.56102835,19.41648784,22.47220505,26,31.89043744,35.60898763,47.50789408,41.86884283,34.88552709,44.59820624,27.85677655,19.41648784,17.20465053,9.055385138,21.21320344,4.242640687,31.01612484,14.03566885,46.38965402,10.19803903,3.16227766,7.615773106,6.08276253,3,6.708203932,0,6,7.071067812,7.615773106,17.20465053,
35.60898763,16.4924225,43.26661531,36.01388621,9.848857802,10.81665383,29.01723626,23.76972865,53.07541804,40.52159918,44.01136217,34.0147027,11.70469991,11.70469991,19.41648784,9.055385138,16.64331698,19.02629759,39.20459157,51.10772936,26.01922366,28.23118843,39.39543121,48.08326112,46.01086828,27.51363298,24.8394847,27.20294102,49.65883607,44.29446918,33.24154028,50.59644256,46.01086828,57.20139858,62.22539674,42.54409477,1.414213562,21.26029163,41.97618372,21.37755833,26.92582404,10.29563014,18.43908891,10.63014581,21.40093456,31.90611227,36.68787266,31.57530681,48.76474136,38.20994635,47.63402146,23.40939982,20.59126028,38.83297568,44.04543109,35.17101079,15.8113883,17.72004515,3.605551275,13.15294644,7.615773106,37.33630941,48.66210024,56.14267539,70.60453243,60.03332408,50.59644256,41.14608122,31.6227766,39.35733731,60.44005295,28.44292531,25.3179778,28.16025568,31.6227766,36.61966685,40.49691346,52.20153254,46.61544808,40.31128874,48.83646179,26.30589288,16.76305461,12.80624847,3.16227766,15.29705854,9.486832981,31.78049716,15.65247584,47.5394573,4.472135955,3.16227766,3.16227766,9.219544457,6.708203932,6.708203932,6,0,5.099019514,3.16227766,21.26029163,
31.144823,17.49285568,39.8246155,35.51056181,6.403124237,6.403124237,24,19.72308292,48.7954916,35.44009029,39,31.32091953,10.04987562,16.76305461,23.2594067,11.66190379,15.5241747,14,34.36568055,46.32493929,25.70992026,29.68164416,40.81666326,45.89117562,45.39823785,25.3179778,20.51828453,23.70653918,46.81879964,39.44616585,28.23118843,45.54119015,42.01190308,53.53503526,58.05170109,38.47076812,6,25.8069758,42.3792402,20.02498439,29.06888371,14.56021978,23.19482701,15,18.43908891,28.42534081,32.31098884,26.92582404,44.27188724,34.20526275,43.18564576,18.38477631,17.72004515,37.12142239,43.10452412,35.84689666,18.43908891,16,2.236067977,8.544003745,8.246211251,32.24903099,43.56604182,51.2445119,66.06814664,55.22680509,51.4781507,38.27531842,27.01851217,34.4818793,55.97320788,28.7923601,25.63201124,29.06888371,32.64965543,33.12099032,37.12142239,48.54894438,43.0464865,37.64306045,44.82186966,21.58703314,12.52996409,10.29563014,5.656854249,17.88854382,11.3137085,26.68332813,10.81665383,42.44997055,8.602325267,4.472135955,2.828427125,6.08276253,5.385164807,2.236067977,7.071067812,5.099019514,0,8.246211251,17.49285568,
38.60051813,17.02938637,45.80392996,37.05401463,12.36931688,13.89244399,32.06243908,26.2488095,55.97320788,43.68065934,47.04253395,36.23534186,13.89244399,8.544003745,17.69180601,8.246211251,17.69180601,22.09072203,42.10700654,54.20332093,27.07397274,28.16025568,39.2173431,49.979996,47.04253395,29.54657341,27.80287755,29.83286778,51.88448708,47.41307836,36.40054945,53.75872022,48.7954916,59.81638571,65.06919394,44.94441011,2.828427125,18.38477631,42.42640687,23.08679276,26.40075756,8.485281374,15.8113883,8.062257748,23.32380758,34,39.29376541,34.36568055,51.41984053,41.01219331,50.60632372,26.57066051,23.02172887,40.52159918,45.27692569,35.51056181,15.23154621,19.6977156,6.708203932,16.03121954,8.485281374,40.44749683,51.7880295,59.07622195,73.60027174,63.13477647,50.69516742,43.41658669,34.66987165,42.48529157,63.41135545,29.06888371,26.01922366,28.44292531,31.78049716,39.20459157,43.01162634,54.81788029,49.2036584,42.48529157,51.623638,29.15475947,19.41648784,14.76482306,4.472135955,14,10,34.92849839,18.78829423,50.69516742,3.16227766,5.656854249,6,12.04159458,9.219544457,9.848857802,7.615773106,3.16227766,8.246211251,0,24.04163056,
15.23154621,18,22.36067977,25,20.61552813,11.18033989,21.21320344,26.2488095,32.01562119,25.49509757,33.54101966,15,11.18033989,32.01562119,30.41381265,29.15475947,30.41381265,15.8113883,32.01562119,31.6227766,18.02775638,26.92582404,36.05551275,30,33.54101966,11.18033989,5,6.32455532,29.83286778,25.49509757,17.4642492,34,24.75883681,36.05551275,41.03656906,41.40048309,21.21320344,42.42640687,33.9705755,11.18033989,28.86173938,25.49509757,34.17601498,31.89043744,29.15475947,35.4682957,34.20526275,27.80287755,43.93176527,16.97056275,26.92582404,11.3137085,4.472135955,22.8035085,30.46309242,29.20616373,23.19482701,9.055385138,17.80449381,18.02775638,25.49509757,25.49509757,34.92849839,46.5188134,49.92995093,40.49691346,43.8634244,21.37755833,12.16552506,21.09502311,39.66106403,22.47220505,20.1246118,24.59674775,27.78488798,15.65247584,19.6977156,31.06444913,25.55386468,21.09502311,27.58622845,23.32380758,21.09502311,24.33105012,23.02172887,35.35533906,18.38477631,19.23538406,9,32.24903099,25.61249695,18.38477631,20.24845673,12.04159458,14.86606875,15.26433752,17.20465053,21.26029163,17.49285568,24.04163056,0,
101,,,,,,,,,,,,,,,,,,,,,,,,,,,,,,,,,,,,,,,,,,,,,,,,,,,,,,,,,,,,,,,,,,,,,,,,,,,,,,,,,,,,,,,,,,,,,,,,,,,,,
